Time (ms)	Ch1 V	Ch2 V	Ch1 A	Ch2 A	RPM	Torque
0.000	0.377	-20.128	-4.246	-2.203	919.955	0.623
0.002	0.371	-20.152	-4.238	-2.195	921.174	0.623
0.003	0.371	-20.128	-4.205	-2.203	916.300	0.624
0.005	0.365	-20.122	-4.180	-2.203	915.081	0.625
0.006	0.371	-20.116	-4.172	-2.203	915.081	0.624
0.008	0.359	-20.097	-4.156	-2.195	912.644	0.624
0.009	0.365	-20.104	-4.139	-2.212	906.552	0.624
0.011	0.365	-20.061	-4.123	-2.212	910.207	0.623
0.012	0.365	-20.073	-4.099	-2.195	913.863	0.623
0.014	0.353	-20.055	-4.074	-2.195	921.174	0.623
0.015	0.359	-20.055	-4.074	-2.195	926.048	0.624
0.017	0.353	-20.049	-4.041	-2.195	930.922	0.623
0.019	0.365	-20.049	-4.049	-2.195	930.922	0.623
0.020	0.353	-20.037	-4.025	-2.203	930.922	0.623
0.022	0.347	-20.030	-4.000	-2.195	929.703	0.624
0.023	0.353	-20.018	-3.984	-2.195	924.829	0.622
0.025	0.353	-20.030	-3.967	-2.195	927.266	0.624
0.026	0.347	-20.012	-3.951	-2.187	922.392	0.622
0.028	0.347	-20.024	-3.927	-2.195	922.392	0.622
0.029	0.353	-20.000	-3.918	-2.195	919.955	0.622
0.031	0.347	-20.000	-3.902	-2.195	919.955	0.623
0.033	0.347	-19.982	-3.902	-2.195	918.737	0.624
0.034	0.347	-19.982	-3.869	-2.195	917.518	0.623
0.036	0.347	-19.970	-3.853	-2.195	917.518	0.622
0.037	0.341	-19.957	-3.845	-2.203	915.081	0.622
0.039	0.335	-19.951	-3.820	-2.187	915.081	0.620
0.040	0.341	-19.945	-3.812	-2.187	910.207	0.619
0.042	0.341	-19.927	-3.795	-2.187	915.081	0.622
0.043	0.347	-19.915	-3.779	-2.187	912.644	0.620
0.045	3.811	-19.909	-3.746	-2.187	941.888	0.622
0.046	0.444	-19.890	-3.730	-2.179	921.174	0.618
0.048	0.298	-19.890	-3.722	-2.171	923.611	0.618
0.050	0.298	-19.872	-3.714	-2.179	933.358	0.622
0.051	0.304	-19.872	-3.697	-2.187	932.140	0.620
0.053	0.311	-19.848	-3.681	-2.171	932.140	0.622
0.054	0.311	-19.836	-3.681	-2.179	928.485	0.619
0.056	0.304	-19.823	-3.648	-2.187	928.485	0.620
0.057	0.311	-19.817	-3.640	-2.179	927.266	0.622
0.059	0.298	-19.799	-3.607	-2.171	922.392	0.619
0.060	0.304	-19.793	-3.607	-2.171	922.392	0.619
0.062	0.298	-19.769	-3.599	-2.171	922.392	0.619
0.064	0.298	-19.775	-3.574	-2.171	918.737	0.620
0.065	0.298	-19.750	-3.558	-2.171	918.737	0.620
0.067	0.292	-19.750	-3.533	-2.171	917.518	0.619
0.068	0.292	-19.744	-3.533	-2.171	915.081	0.618
0.070	0.292	-19.738	-3.517	-2.171	913.863	0.619
0.071	0.304	-19.708	-3.492	-2.162	911.426	0.619
0.073	0.286	-19.714	-3.476	-2.171	906.552	0.619
0.074	0.286	-19.683	-3.468	-2.171	910.207	0.620
0.076	0.292	-19.683	-3.460	-2.162	916.300	0.618
0.077	0.286	-19.665	-3.435	-2.162	921.174	0.619
0.079	0.286	-19.665	-3.435	-2.162	926.048	0.618
0.081	0.286	-19.647	-3.410	-2.154	930.922	0.619
0.082	0.292	-19.647	-3.394	-2.154	933.358	0.618
0.084	0.286	-19.629	-3.386	-2.154	929.703	0.619
0.085	0.274	-19.623	-3.370	-2.154	927.266	0.618
0.087	0.280	-19.623	-3.353	-2.146	928.485	0.619
0.088	0.280	-19.610	-3.345	-2.154	926.048	0.618
0.090	0.280	-19.604	-3.329	-2.154	922.392	0.615
0.091	0.274	-19.604	-3.304	-2.146	923.611	0.618
0.093	0.274	-19.598	-3.304	-2.154	923.611	0.618
0.095	0.274	-19.598	-3.279	-2.154	921.174	0.618
0.096	0.268	-19.586	-3.263	-2.154	918.737	0.617
0.098	0.268	-19.598	-3.263	-2.154	918.737	0.617
0.099	0.274	-19.592	-3.238	-2.171	916.300	0.614
0.101	0.268	-19.592	-3.222	-2.162	913.863	0.615
0.102	0.262	-19.586	-3.214	-2.146	913.863	0.617
0.104	0.268	-19.586	-3.198	-2.162	911.426	0.615
0.105	0.262	-19.592	-3.173	-2.146	915.081	0.614
0.107	0.262	-19.586	-3.165	-2.154	910.207	0.615
0.108	0.262	-19.586	-3.157	-2.162	918.737	0.617
0.110	0.262	-19.580	-3.140	-2.162	922.392	0.614
0.112	0.256	-19.598	-3.116	-2.154	929.703	0.617
0.113	0.262	-19.586	-3.132	-2.162	932.140	0.614
0.115	0.262	-19.598	-3.099	-2.154	932.140	0.615
0.116	0.262	-19.592	-3.083	-2.154	929.703	0.615
0.118	0.256	-19.598	-3.066	-2.146	929.703	0.614
0.119	0.256	-19.586	-3.066	-2.162	928.485	0.615
0.121	0.256	-19.598	-3.034	-2.171	928.485	0.615
0.122	0.244	-19.586	-3.042	-2.162	923.611	0.615
0.124	0.250	-19.604	-3.017	-2.162	922.392	0.615
0.126	0.250	-19.598	-3.001	-2.154	921.174	0.615
0.127	0.250	-19.604	-3.001	-2.171	918.737	0.615
0.129	0.244	-19.604	-2.985	-2.171	919.955	0.615
0.130	0.244	-19.604	-2.968	-2.162	915.081	0.615
0.132	0.250	-19.610	-2.952	-2.171	918.737	0.617
0.133	0.250	-19.616	-2.935	-2.179	913.863	0.615
0.135	0.244	-19.610	-2.919	-2.171	912.644	0.615
0.136	0.237	-19.610	-2.903	-2.154	906.552	0.615
0.138	0.250	-19.616	-2.878	-2.162	910.207	0.615
0.139	0.231	-19.604	-2.886	-2.162	913.863	0.615
0.141	-41.455	-19.616	-2.894	-2.162	904.115	0.607
0.143	-49.078	-19.616	-2.927	-2.162	923.611	0.614
0.144	-49.407	-19.616	-2.960	-2.162	933.358	0.617
0.146	-49.437	-19.616	-2.993	-2.162	934.577	0.615
0.147	-49.437	-19.616	-3.017	-2.162	927.266	0.614
0.149	-49.437	-19.623	-3.058	-2.179	929.703	0.617
0.150	-49.443	-19.623	-3.083	-2.171	926.048	0.615
0.152	-49.443	-19.635	-3.107	-2.171	926.048	0.614
0.153	-49.437	-19.635	-3.124	-2.179	922.392	0.614
0.155	-49.431	-19.641	-3.148	-2.171	922.392	0.614
0.157	-49.431	-19.647	-3.165	-2.162	921.174	0.615
0.158	-49.431	-19.629	-3.189	-2.171	919.955	0.613
0.160	-49.425	-19.647	-3.214	-2.171	918.737	0.615
0.161	-49.431	-19.641	-3.238	-2.171	917.518	0.614
0.163	-49.425	-19.653	-3.255	-2.171	917.518	0.614
0.164	-49.419	-19.641	-3.279	-2.171	913.863	0.614
0.166	-49.413	-19.659	-3.296	-2.171	915.081	0.617
0.167	-49.413	-19.641	-3.320	-2.179	910.207	0.613
0.169	-49.419	-19.653	-3.345	-2.179	915.081	0.614
0.170	-49.407	-19.641	-3.353	-2.171	911.426	0.614
0.172	-49.407	-19.641	-3.378	-2.171	917.518	0.615
0.174	-49.400	-19.629	-3.394	-2.162	922.392	0.614
0.175	-49.388	-19.641	-3.435	-2.162	928.485	0.613
0.177	-49.394	-19.623	-3.443	-2.162	932.140	0.614
0.178	-49.394	-19.623	-3.460	-2.179	932.140	0.614
0.180	-49.388	-19.616	-3.476	-2.179	932.140	0.618
0.181	-49.394	-19.623	-3.492	-2.171	928.485	0.613
0.183	-49.388	-19.610	-3.517	-2.162	927.266	0.615
0.184	-49.382	-19.616	-3.533	-2.171	926.048	0.615
0.186	-49.382	-19.598	-3.550	-2.171	926.048	0.614
0.188	-49.370	-19.598	-3.558	-2.162	922.392	0.615
0.189	-49.376	-19.586	-3.591	-2.171	921.174	0.615
0.191	-49.352	-19.580	-3.607	-2.162	921.174	0.614
0.192	-49.346	-19.580	-3.623	-2.179	918.737	0.615
0.194	-49.346	-19.562	-3.640	-2.162	918.737	0.615
0.195	-49.358	-19.562	-3.673	-2.171	916.300	0.617
0.197	-49.352	-19.562	-3.681	-2.162	915.081	0.617
0.198	-49.346	-19.550	-3.689	-2.179	911.426	0.615
0.200	-49.352	-19.537	-3.705	-2.162	905.333	0.617
0.201	-49.346	-19.537	-3.730	-2.171	910.207	0.617
0.203	-49.340	-19.519	-3.738	-2.154	916.300	0.615
0.205	-49.340	-19.513	-3.754	-2.171	921.174	0.618
0.206	-49.327	-19.495	-3.763	-2.162	927.266	0.618
0.208	-49.327	-19.501	-3.787	-2.162	933.358	0.617
0.209	-49.327	-19.483	-3.812	-2.154	932.140	0.615
0.211	-49.321	-19.483	-3.820	-2.154	930.922	0.618
0.212	-49.315	-19.470	-3.836	-2.146	927.266	0.617
0.214	-49.315	-19.476	-3.869	-2.154	928.485	0.618
0.215	-49.309	-19.458	-3.886	-2.171	924.829	0.618
0.217	-49.303	-19.464	-3.894	-2.154	924.829	0.617
0.219	-49.309	-19.440	-3.902	-2.154	922.392	0.617
0.220	-49.309	-19.446	-3.927	-2.146	921.174	0.617
0.222	-49.297	-19.440	-3.943	-2.154	919.955	0.615
0.223	-49.297	-19.434	-3.967	-2.154	917.518	0.617
0.225	-49.291	-19.428	-3.967	-2.154	917.518	0.615
0.226	-49.279	-19.428	-3.992	-2.162	915.081	0.618
0.228	-49.285	-19.422	-4.008	-2.162	915.081	0.617
0.229	-49.279	-19.416	-4.017	-2.162	912.644	0.615
0.231	-49.279	-19.422	-4.041	-2.154	910.207	0.617
0.232	-49.273	-19.416	-4.049	-2.154	912.644	0.615
0.234	-49.266	-19.416	-4.066	-2.154	908.989	0.614
0.236	-49.266	-19.403	-4.090	-2.162	917.518	0.618
0.237	-49.260	-19.409	-4.099	-2.146	922.392	0.615
0.239	-49.254	-19.397	-4.115	-2.154	929.703	0.617
0.240	-49.254	-19.409	-4.131	-2.146	933.358	0.617
0.242	-49.248	-19.397	-4.139	-2.162	933.358	0.614
0.243	-49.248	-19.409	-4.164	-2.154	930.922	0.617
0.245	-49.242	-19.397	-4.180	-2.154	927.266	0.615
0.246	-49.242	-19.403	-4.180	-2.154	927.266	0.615
0.248	-49.242	-19.391	-4.197	-2.162	926.048	0.617
0.250	-49.230	-19.403	-4.221	-2.162	923.611	0.617
0.251	-49.224	-19.391	-4.238	-2.162	923.611	0.617
0.253	-49.224	-19.403	-4.246	-2.162	923.611	0.618
0.254	-49.212	-19.391	-4.254	-2.162	919.955	0.618
0.256	-49.212	-19.403	-4.279	-2.162	919.955	0.618
0.257	-49.206	-19.385	-4.287	-2.162	916.300	0.619
0.259	-49.212	-19.397	-4.303	-2.171	916.300	0.617
0.260	-49.206	-19.391	-4.320	-2.162	915.081	0.619
0.262	-49.199	-19.385	-4.336	-2.179	913.863	0.619
0.263	-49.199	-19.391	-4.352	-2.179	905.333	0.619
0.265	-49.193	-19.397	-4.361	-2.179	910.207	0.618
0.267	-49.193	-19.391	-4.385	-2.179	916.300	0.620
0.268	-49.181	-19.391	-4.402	-2.162	918.737	0.618
0.270	-49.187	-19.409	-4.410	-2.171	927.266	0.619
0.271	-49.187	-19.409	-4.418	-2.179	930.922	0.619
0.273	-49.181	-19.403	-4.426	-2.171	933.358	0.619
0.274	-49.163	-19.385	-4.451	-2.171	929.703	0.618
0.276	-49.169	-19.403	-4.467	-2.171	927.266	0.619
0.277	-49.175	-19.391	-4.483	-2.179	927.266	0.619
0.279	-49.163	-19.403	-4.492	-2.179	926.048	0.617
0.281	-49.157	-19.385	-4.508	-2.171	924.829	0.619
0.282	-49.157	-19.403	-4.524	-2.179	921.174	0.618
0.284	-49.151	-19.379	-4.541	-2.171	921.174	0.619
0.285	-49.157	-19.385	-4.549	-2.171	919.955	0.620
0.287	-49.139	-19.367	-4.565	-2.171	921.174	0.619
0.288	-49.145	-19.385	-4.574	-2.195	915.081	0.620
0.290	-49.133	-19.373	-4.582	-2.171	917.518	0.619
0.291	-49.133	-19.385	-4.606	-2.171	915.081	0.620
0.293	-49.133	-19.367	-4.623	-2.179	912.644	0.620
0.294	-49.133	-19.385	-4.631	-2.171	912.644	0.619
0.296	-49.120	-19.367	-4.639	-2.171	910.207	0.618
0.298	-49.120	-19.379	-4.664	-2.179	911.426	0.619
0.299	-49.114	-19.373	-4.672	-2.179	915.081	0.618
0.301	-49.108	-19.373	-4.688	-2.179	922.392	0.620
0.302	-49.102	-19.367	-4.705	-2.179	927.266	0.617
0.304	-49.108	-19.367	-4.721	-2.179	933.358	0.619
0.305	-49.114	-19.367	-4.721	-2.179	930.922	0.619
0.307	-49.096	-19.361	-4.746	-2.179	930.922	0.619
0.308	-49.096	-19.367	-4.754	-2.179	928.485	0.619
0.310	-49.096	-19.349	-4.778	-2.187	929.703	0.618
0.312	-49.084	-19.355	-4.770	-2.171	927.266	0.618
0.313	-49.084	-19.343	-4.787	-2.187	922.392	0.618
0.315	-49.090	-19.349	-4.811	-2.187	922.392	0.620
0.316	-49.066	-19.336	-4.819	-2.187	921.174	0.619
0.318	-49.078	-19.343	-4.836	-2.187	922.392	0.620
0.319	-49.072	-19.318	-4.844	-2.179	919.955	0.619
0.321	-49.059	-19.324	-4.852	-2.179	917.518	0.623
0.322	-49.059	-19.312	-4.877	-2.179	916.300	0.620
0.324	-49.059	-19.312	-4.893	-2.187	915.081	0.620
0.325	-49.059	-19.294	-4.901	-2.195	912.644	0.619
0.327	-49.053	-19.300	-4.918	-2.187	907.770	0.622
0.329	-49.053	-19.294	-4.942	-2.187	911.426	0.622
0.330	-49.047	-19.282	-4.950	-2.179	913.863	0.619
0.332	-49.041	-19.282	-4.967	-2.187	921.174	0.619
0.333	-49.047	-19.257	-4.975	-2.195	926.048	0.619
0.335	-49.029	-19.245	-4.975	-2.187	932.140	0.620
0.336	-49.035	-19.227	-5.000	-2.195	930.922	0.620
0.338	-49.029	-19.251	-5.008	-2.187	932.140	0.619
0.339	-49.035	-19.221	-5.032	-2.195	927.266	0.622
0.341	-29.224	-19.276	-5.016	-2.187	938.232	0.623
0.343	-0.944	-19.355	-4.991	-2.195	935.795	0.624
0.344	0.359	-19.416	-4.967	-2.195	922.392	0.617
0.346	0.432	-19.464	-4.934	-2.195	918.737	0.619
0.347	0.444	-19.519	-4.901	-2.187	924.829	0.620
0.349	0.432	-19.574	-4.868	-2.187	922.392	0.623
0.350	0.432	-19.629	-4.852	-2.195	918.737	0.620
0.352	0.426	-19.690	-4.828	-2.179	917.518	0.622
0.353	0.420	-19.738	-4.803	-2.195	913.863	0.622
0.355	0.420	-19.781	-4.787	-2.203	913.863	0.619
0.356	0.420	-19.817	-4.746	-2.187	912.644	0.622
0.358	0.420	-19.860	-4.737	-2.203	911.426	0.620
0.360	0.420	-19.890	-4.705	-2.212	911.426	0.620
0.361	0.420	-19.927	-4.688	-2.195	910.207	0.619
0.363	0.414	-19.951	-4.647	-2.195	917.518	0.623
0.364	0.414	-19.964	-4.647	-2.187	922.392	0.620
0.366	0.420	-19.976	-4.615	-2.195	927.266	0.620
0.367	0.408	-20.006	-4.598	-2.195	932.140	0.619
0.369	0.414	-20.000	-4.590	-2.195	933.358	0.620
0.370	0.396	-20.006	-4.557	-2.187	932.140	0.622
0.372	0.396	-20.006	-4.541	-2.187	930.922	0.620
0.374	0.402	-20.006	-4.516	-2.195	927.266	0.620
0.375	0.396	-20.006	-4.500	-2.179	926.048	0.622
0.377	0.396	-20.006	-4.475	-2.187	923.611	0.620
0.378	0.402	-20.012	-4.459	-2.195	922.392	0.620
0.380	0.396	-20.000	-4.434	-2.187	921.174	0.620
0.381	0.396	-20.000	-4.426	-2.187	921.174	0.620
0.383	0.390	-19.982	-4.402	-2.195	921.174	0.622
0.384	0.384	-19.994	-4.377	-2.179	917.518	0.619
0.386	0.384	-19.970	-4.377	-2.187	916.300	0.620
0.387	0.390	-19.970	-4.352	-2.179	913.863	0.620
0.389	0.384	-19.970	-4.336	-2.187	912.644	0.623
0.391	0.377	-19.957	-4.303	-2.195	906.552	0.620
0.392	0.377	-19.957	-4.287	-2.187	910.207	0.620
0.394	0.377	-19.945	-4.262	-2.187	916.300	0.620
0.395	0.377	-19.939	-4.254	-2.187	921.174	0.619
0.397	0.377	-19.933	-4.246	-2.187	929.703	0.622
0.398	0.365	-19.927	-4.230	-2.179	932.140	0.622
0.400	0.377	-19.903	-4.205	-2.179	932.140	0.617
0.401	0.371	-19.909	-4.197	-2.187	930.922	0.622
0.403	0.377	-19.897	-4.172	-2.187	929.703	0.620
0.405	0.359	-19.897	-4.148	-2.187	926.048	0.619
0.406	0.371	-19.860	-4.131	-2.179	923.611	0.619
0.408	0.359	-19.866	-4.123	-2.203	924.829	0.622
0.409	0.365	-19.860	-4.107	-2.179	922.392	0.617
0.411	0.365	-19.854	-4.082	-2.179	922.392	0.619
0.412	0.359	-19.836	-4.058	-2.195	921.174	0.618
0.414	0.365	-19.830	-4.049	-2.187	919.955	0.622
0.415	0.359	-19.823	-4.033	-2.195	916.300	0.617
0.417	0.359	-19.817	-4.008	-2.195	917.518	0.618
0.418	0.365	-19.811	-4.000	-2.187	915.081	0.619
0.420	0.353	-19.805	-3.976	-2.187	913.863	0.618
0.422	0.353	-19.793	-3.976	-2.195	912.644	0.618
0.423	0.353	-19.775	-3.959	-2.195	913.863	0.617
0.425	0.347	-19.787	-3.935	-2.187	910.207	0.618
0.426	0.353	-19.769	-3.918	-2.195	916.300	0.617
0.428	0.341	-19.769	-3.902	-2.203	922.392	0.619
0.429	0.353	-19.744	-3.877	-2.195	927.266	0.618
0.431	0.341	-19.744	-3.869	-2.187	933.358	0.619
0.432	0.347	-19.720	-3.853	-2.187	932.140	0.618
0.434	0.347	-19.714	-3.845	-2.195	930.922	0.617
0.436	0.335	-19.702	-3.820	-2.195	928.485	0.618
0.437	0.347	-19.702	-3.812	-2.187	927.266	0.615
0.439	13.967	-19.702	-3.754	-2.195	928.485	0.620
0.440	0.846	-19.702	-3.771	-2.203	910.207	0.618
0.442	0.323	-19.671	-3.746	-2.203	928.485	0.622
0.443	0.298	-19.647	-3.738	-2.187	922.392	0.618
0.445	0.311	-19.665	-3.722	-2.195	917.518	0.615
0.446	0.311	-19.641	-3.697	-2.195	918.737	0.618
0.448	0.311	-19.647	-3.681	-2.195	917.518	0.617
0.449	0.304	-19.641	-3.673	-2.195	916.300	0.617
0.451	0.304	-19.635	-3.656	-2.195	913.863	0.615
0.453	0.304	-19.616	-3.648	-2.195	911.426	0.617
0.454	0.304	-19.629	-3.623	-2.203	905.333	0.617
0.456	0.304	-19.604	-3.607	-2.212	911.426	0.617
0.457	0.298	-19.604	-3.599	-2.203	913.863	0.615
0.459	0.292	-19.586	-3.591	-2.212	919.955	0.617
0.460	0.298	-19.592	-3.566	-2.187	926.048	0.617
0.462	0.298	-19.580	-3.550	-2.195	932.140	0.617
0.463	0.292	-19.580	-3.533	-2.195	932.140	0.615
0.465	0.298	-19.568	-3.517	-2.187	930.922	0.617
0.467	0.292	-19.562	-3.501	-2.179	928.485	0.615
0.468	0.292	-19.556	-3.492	-2.203	927.266	0.615
0.470	0.286	-19.550	-3.484	-2.203	928.485	0.615
0.471	0.286	-19.543	-3.476	-2.203	926.048	0.614
0.473	0.286	-19.537	-3.451	-2.203	923.611	0.615
0.474	0.286	-19.537	-3.435	-2.203	922.392	0.614
0.476	0.292	-19.525	-3.427	-2.195	919.955	0.614
0.477	0.286	-19.519	-3.402	-2.195	919.955	0.613
0.479	0.280	-19.501	-3.402	-2.203	918.737	0.613
0.480	0.286	-19.513	-3.378	-2.203	916.300	0.614
0.482	0.286	-19.489	-3.370	-2.212	913.863	0.613
0.484	0.280	-19.537	-3.345	-2.203	913.863	0.614
0.485	0.280	-19.513	-3.329	-2.203	911.426	0.613
0.487	0.274	-19.525	-3.329	-2.203	913.863	0.613
0.488	0.280	-19.501	-3.312	-2.203	907.770	0.614
0.490	0.280	-19.519	-3.279	-2.203	917.518	0.612
0.491	0.274	-19.489	-3.288	-2.203	921.174	0.612
0.493	0.274	-19.501	-3.263	-2.203	928.485	0.613
0.494	0.274	-19.489	-3.255	-2.203	932.140	0.612
0.496	0.274	-19.495	-3.238	-2.203	930.922	0.611
0.498	0.274	-19.483	-3.214	-2.195	933.358	0.612
0.499	0.262	-19.483	-3.198	-2.203	928.485	0.611
0.501	0.274	-19.470	-3.198	-2.212	928.485	0.612
0.502	0.262	-19.464	-3.173	-2.203	923.611	0.611
0.504	0.256	-19.470	-3.165	-2.203	924.829	0.611
0.505	0.256	-19.458	-3.157	-2.203	922.392	0.613
0.507	0.256	-19.452	-3.140	-2.212	922.392	0.612
0.508	0.262	-19.446	-3.124	-2.203	919.955	0.612
0.510	0.262	-19.434	-3.107	-2.212	919.955	0.612
0.511	0.256	-19.416	-3.099	-2.203	918.737	0.612
0.513	0.256	-19.428	-3.091	-2.203	916.300	0.613
0.515	0.262	-19.409	-3.083	-2.203	915.081	0.611
0.516	0.256	-19.422	-3.058	-2.203	913.863	0.611
0.518	0.250	-19.409	-3.050	-2.195	906.552	0.612
0.519	0.250	-19.416	-3.042	-2.212	908.989	0.612
0.521	0.250	-19.391	-3.009	-2.203	915.081	0.613
0.522	0.250	-19.403	-3.009	-2.203	919.955	0.613
0.524	0.250	-19.391	-2.993	-2.203	927.266	0.612
0.525	0.250	-19.391	-2.968	-2.203	932.140	0.612
0.527	0.237	-19.379	-2.968	-2.212	932.140	0.612
0.529	0.250	-19.409	-2.952	-2.212	930.922	0.611
0.530	0.231	-19.379	-2.927	-2.212	927.266	0.609
0.532	0.237	-19.403	-2.911	-2.195	928.485	0.613
0.533	0.244	-19.379	-2.911	-2.220	924.829	0.611
0.535	-20.256	-19.379	-2.952	-2.203	941.888	0.617
0.536	-48.012	-19.385	-2.944	-2.212	930.922	0.613
0.538	-49.370	-19.385	-2.968	-2.203	918.737	0.608
0.539	-49.425	-19.385	-3.001	-2.195	916.300	0.609
0.541	-49.431	-19.379	-3.034	-2.212	919.955	0.611
0.542	-49.431	-19.379	-3.050	-2.203	919.955	0.611
0.544	-49.431	-19.379	-3.083	-2.195	916.300	0.608
0.546	-49.431	-19.391	-3.116	-2.220	915.081	0.609
0.547	-49.431	-19.385	-3.132	-2.212	913.863	0.609
0.549	-49.431	-19.391	-3.165	-2.203	912.644	0.609
0.550	-49.425	-19.391	-3.189	-2.212	910.207	0.609
0.552	-49.431	-19.391	-3.198	-2.212	913.863	0.608
0.553	-49.425	-19.391	-3.222	-2.203	916.300	0.609
0.555	-49.425	-19.403	-3.255	-2.212	924.829	0.608
0.556	-49.413	-19.391	-3.263	-2.212	927.266	0.609
0.558	-49.413	-19.403	-3.288	-2.212	933.358	0.609
0.560	-49.413	-19.391	-3.296	-2.220	933.358	0.609
0.561	-49.413	-19.409	-3.329	-2.212	929.703	0.608
0.563	-49.407	-19.397	-3.353	-2.212	930.922	0.608
0.564	-49.407	-19.416	-3.361	-2.212	927.266	0.609
0.566	-49.400	-19.409	-3.386	-2.220	927.266	0.609
0.567	-49.407	-19.422	-3.419	-2.212	923.611	0.607
0.569	-49.400	-19.409	-3.435	-2.212	922.392	0.607
0.570	-49.400	-19.440	-3.451	-2.212	921.174	0.611
0.572	-49.394	-19.416	-3.468	-2.220	921.174	0.609
0.573	-49.394	-19.434	-3.492	-2.220	919.955	0.611
0.575	-49.388	-19.422	-3.509	-2.220	918.737	0.611
0.577	-49.388	-19.434	-3.517	-2.212	915.081	0.609
0.578	-49.388	-19.434	-3.550	-2.228	915.081	0.611
0.580	-49.382	-19.446	-3.558	-2.228	915.081	0.612
0.581	-49.358	-19.428	-3.582	-2.212	905.333	0.611
0.583	-49.352	-19.452	-3.599	-2.228	911.426	0.611
0.584	-49.364	-19.446	-3.607	-2.220	913.863	0.612
0.586	-49.364	-19.452	-3.623	-2.220	921.174	0.609
0.587	-49.358	-19.458	-3.648	-2.220	926.048	0.611
0.589	-49.364	-19.458	-3.673	-2.220	932.140	0.611
0.591	-49.358	-19.446	-3.681	-2.244	930.922	0.611
0.592	-49.358	-19.464	-3.705	-2.212	930.922	0.611
0.594	-49.346	-19.458	-3.722	-2.212	927.266	0.613
0.595	-49.346	-19.470	-3.738	-2.220	927.266	0.609
0.597	-49.340	-19.470	-3.754	-2.220	926.048	0.612
0.598	-49.340	-19.470	-3.763	-2.212	924.829	0.611
0.600	-49.333	-19.464	-3.795	-2.220	922.392	0.612
0.601	-49.327	-19.458	-3.812	-2.228	922.392	0.611
0.603	-49.333	-19.458	-3.820	-2.228	919.955	0.611
0.604	-49.321	-19.464	-3.836	-2.220	918.737	0.611
0.606	-49.315	-19.483	-3.861	-2.220	916.300	0.611
0.608	-49.315	-19.470	-3.861	-2.228	916.300	0.612
0.609	-49.309	-19.483	-3.886	-2.220	915.081	0.612
0.611	-49.321	-19.470	-3.902	-2.220	911.426	0.611
0.612	-49.303	-19.483	-3.935	-2.220	911.426	0.611
0.614	-49.303	-19.470	-3.935	-2.228	916.300	0.611
0.615	-49.303	-19.476	-3.951	-2.236	912.644	0.611
0.617	-49.291	-19.476	-3.967	-2.220	917.518	0.609
0.618	-49.291	-19.489	-3.976	-2.220	923.611	0.609
0.620	-49.285	-19.470	-3.992	-2.212	927.266	0.611
0.622	-49.279	-19.489	-4.017	-2.228	932.140	0.612
0.623	-49.273	-19.483	-4.033	-2.220	932.140	0.609
0.625	-49.273	-19.501	-4.041	-2.228	932.140	0.612
0.626	-49.273	-19.489	-4.049	-2.220	928.485	0.612
0.628	-49.266	-19.495	-4.066	-2.228	928.485	0.612
0.629	-49.266	-19.489	-4.074	-2.228	926.048	0.612
0.631	-49.260	-19.513	-4.099	-2.220	926.048	0.612
0.632	-49.266	-19.489	-4.115	-2.228	922.392	0.613
0.634	-49.254	-19.501	-4.123	-2.220	919.955	0.612
0.635	-49.254	-19.495	-4.148	-2.220	919.955	0.612
0.637	-49.242	-19.507	-4.156	-2.228	918.737	0.613
0.639	-49.242	-19.507	-4.180	-2.220	916.300	0.612
0.640	-49.230	-19.519	-4.197	-2.220	913.863	0.611
0.642	-49.236	-19.513	-4.213	-2.228	915.081	0.612
0.643	-49.230	-19.519	-4.221	-2.220	912.644	0.612
0.645	-49.230	-19.513	-4.246	-2.228	907.770	0.614
0.646	-49.218	-19.525	-4.246	-2.220	911.426	0.613
0.648	-49.218	-19.525	-4.279	-2.228	913.863	0.612
0.649	-49.218	-19.543	-4.271	-2.220	921.174	0.614
0.651	-49.212	-19.537	-4.311	-2.228	926.048	0.614
0.653	-49.212	-19.556	-4.311	-2.236	932.140	0.614
0.654	-49.218	-19.562	-4.320	-2.220	933.358	0.613
0.656	-49.199	-19.562	-4.344	-2.228	930.922	0.613
0.657	-49.199	-19.568	-4.344	-2.228	928.485	0.613
0.659	-49.206	-19.580	-4.361	-2.228	928.485	0.613
0.660	-49.193	-19.574	-4.393	-2.236	926.048	0.614
0.662	-49.193	-19.592	-4.393	-2.228	923.611	0.614
0.663	-49.187	-19.592	-4.418	-2.236	922.392	0.613
0.665	-49.187	-19.598	-4.410	-2.236	921.174	0.614
0.666	-49.175	-19.592	-4.443	-2.236	921.174	0.614
0.668	-49.175	-19.598	-4.459	-2.236	919.955	0.613
0.670	-49.169	-19.604	-4.459	-2.228	919.955	0.613
0.671	-49.169	-19.604	-4.475	-2.244	915.081	0.613
0.673	-49.169	-19.623	-4.483	-2.228	915.081	0.615
0.674	-49.157	-19.610	-4.516	-2.228	912.644	0.615
0.676	-49.157	-19.629	-4.524	-2.244	913.863	0.613
0.677	-49.163	-19.623	-4.533	-2.236	910.207	0.613
0.679	-49.145	-19.635	-4.557	-2.236	912.644	0.614
0.680	-49.145	-19.635	-4.565	-2.236	917.518	0.614
0.682	-49.145	-19.647	-4.582	-2.228	922.392	0.614
0.684	-49.145	-19.635	-4.598	-2.236	928.485	0.615
0.685	-49.139	-19.653	-4.598	-2.236	932.140	0.614
0.687	-49.133	-19.641	-4.623	-2.244	934.577	0.615
0.688	-49.133	-19.671	-4.631	-2.244	929.703	0.614
0.690	-49.133	-19.659	-4.639	-2.236	930.922	0.618
0.691	-49.120	-19.683	-4.655	-2.228	927.266	0.614
0.693	-49.114	-19.671	-4.672	-2.228	927.266	0.614
0.694	-49.114	-19.696	-4.680	-2.228	926.048	0.614
0.696	-49.120	-19.683	-4.696	-2.244	923.611	0.614
0.697	-49.102	-19.690	-4.721	-2.253	921.174	0.615
0.699	-49.108	-19.690	-4.729	-2.244	921.174	0.614
0.701	-49.102	-19.702	-4.737	-2.236	919.955	0.617
0.702	-49.096	-19.690	-4.746	-2.236	917.518	0.613
0.704	-49.096	-19.708	-4.762	-2.236	917.518	0.618
0.705	-49.090	-19.702	-4.770	-2.244	912.644	0.614
0.707	-49.090	-19.714	-4.787	-2.228	915.081	0.615
0.708	-49.090	-19.696	-4.795	-2.236	904.115	0.617
0.710	-49.084	-19.714	-4.819	-2.228	911.426	0.618
0.711	-49.084	-19.702	-4.844	-2.228	913.863	0.617
0.713	-49.084	-19.714	-4.836	-2.236	921.174	0.617
0.715	-49.072	-19.708	-4.852	-2.236	924.829	0.617
0.716	-49.066	-19.720	-4.868	-2.236	932.140	0.618
0.718	-49.066	-19.720	-4.885	-2.236	934.577	0.618
0.719	-49.059	-19.720	-4.901	-2.236	929.703	0.617
0.721	-49.059	-19.726	-4.909	-2.244	928.485	0.619
0.722	-49.059	-19.726	-4.926	-2.236	927.266	0.617
0.724	-49.053	-19.726	-4.934	-2.236	928.485	0.617
0.725	-49.047	-19.738	-4.934	-2.228	922.392	0.614
0.727	-49.041	-19.738	-4.967	-2.244	922.392	0.618
0.728	-49.041	-19.750	-4.983	-2.244	919.955	0.617
0.730	-49.035	-19.750	-4.983	-2.236	922.392	0.617
0.732	-49.035	-19.757	-5.000	-2.236	918.737	0.617
0.733	-49.023	-19.775	-5.016	-2.228	915.081	0.617
0.735	-49.041	-19.781	-5.032	-2.244	916.300	0.618
0.736	-4.755	-19.769	-5.000	-2.244	902.896	0.614
0.738	0.207	-19.781	-4.967	-2.236	915.081	0.619
0.739	0.420	-19.781	-4.934	-2.236	913.863	0.617
0.741	0.438	-19.781	-4.909	-2.236	912.644	0.618
0.742	0.432	-19.805	-4.885	-2.236	907.770	0.614
0.744	0.426	-19.787	-4.844	-2.236	916.300	0.618
0.746	0.432	-19.793	-4.828	-2.236	923.611	0.615
0.747	0.420	-19.793	-4.795	-2.236	926.048	0.615
0.749	0.420	-19.817	-4.778	-2.228	933.358	0.618
0.750	0.426	-19.805	-4.746	-2.236	932.140	0.615
0.752	0.420	-19.811	-4.729	-2.236	930.922	0.617
0.753	0.420	-19.805	-4.705	-2.236	929.703	0.617
0.755	0.408	-19.830	-4.672	-2.228	927.266	0.617
0.756	0.408	-19.817	-4.664	-2.228	927.266	0.617
0.758	0.408	-19.836	-4.639	-2.236	922.392	0.618
0.759	0.402	-19.817	-4.623	-2.253	922.392	0.618
0.761	0.396	-19.842	-4.606	-2.236	922.392	0.617
0.763	0.402	-19.830	-4.574	-2.236	919.955	0.617
0.764	0.402	-19.842	-4.549	-2.236	917.518	0.618
0.766	0.396	-19.817	-4.524	-2.244	918.737	0.619
0.767	0.390	-19.848	-4.524	-2.236	915.081	0.619
0.769	0.396	-19.830	-4.500	-2.228	913.863	0.619
0.770	0.402	-19.860	-4.475	-2.236	915.081	0.619
0.772	0.402	-19.842	-4.467	-2.244	906.552	0.618
0.773	0.390	-19.854	-4.434	-2.244	910.207	0.618
0.775	0.390	-19.854	-4.426	-2.244	913.863	0.618
0.777	0.390	-19.866	-4.402	-2.236	921.174	0.618
0.778	0.390	-19.848	-4.377	-2.244	927.266	0.618
0.780	0.384	-19.866	-4.369	-2.236	932.140	0.618
0.781	0.390	-19.854	-4.344	-2.236	934.577	0.618
0.783	0.377	-19.872	-4.328	-2.244	929.703	0.618
0.784	0.390	-19.860	-4.303	-2.244	928.485	0.618
0.786	0.371	-19.878	-4.287	-2.253	928.485	0.618
0.787	0.377	-19.884	-4.271	-2.244	926.048	0.619
0.789	0.371	-19.897	-4.254	-2.244	924.829	0.618
0.790	0.371	-19.878	-4.230	-2.236	923.611	0.617
0.792	0.371	-19.909	-4.213	-2.244	922.392	0.617
0.794	0.371	-19.897	-4.205	-2.244	921.174	0.618
0.795	0.371	-19.915	-4.180	-2.236	917.518	0.619
0.797	0.371	-19.915	-4.164	-2.253	918.737	0.617
0.798	0.371	-19.921	-4.156	-2.236	915.081	0.615
0.800	0.365	-19.915	-4.139	-2.244	915.081	0.615
0.801	0.371	-19.927	-4.123	-2.236	913.863	0.617
0.803	0.365	-19.933	-4.099	-2.253	912.644	0.617
0.804	0.365	-19.915	-4.082	-2.236	910.207	0.617
0.806	0.371	-19.927	-4.058	-2.244	911.426	0.615
0.808	0.359	-19.927	-4.049	-2.228	917.518	0.615
0.809	0.353	-19.933	-4.025	-2.236	921.174	0.615
0.811	0.353	-19.909	-4.008	-2.236	929.703	0.617
0.812	0.359	-19.939	-4.000	-2.244	930.922	0.615
0.814	0.353	-19.915	-3.976	-2.244	933.358	0.617
0.815	0.347	-19.939	-3.967	-2.253	929.703	0.615
0.817	0.347	-19.927	-3.943	-2.228	930.922	0.615
0.818	0.347	-19.933	-3.927	-2.244	927.266	0.617
0.820	0.347	-19.921	-3.918	-2.236	927.266	0.614
0.821	0.353	-19.951	-3.910	-2.236	924.829	0.614
0.823	0.347	-19.933	-3.886	-2.244	923.611	0.617
0.825	0.335	-19.951	-3.877	-2.236	923.611	0.617
0.826	0.341	-19.933	-3.853	-2.244	919.955	0.615
0.828	0.341	-19.939	-3.836	-2.244	918.737	0.617
0.829	0.341	-19.933	-3.828	-2.244	916.300	0.615
0.831	0.341	-19.951	-3.795	-2.253	916.300	0.615
0.832	4.256	-19.939	-3.763	-2.236	916.300	0.618
0.834	2.630	-19.976	-3.738	-2.236	923.611	0.609
0.835	0.377	-19.964	-3.730	-2.244	898.022	0.608
0.837	0.311	-19.982	-3.738	-2.244	910.207	0.615
0.839	0.292	-19.964	-3.714	-2.244	916.300	0.615
0.840	0.304	-19.988	-3.697	-2.236	919.955	0.614
0.842	0.304	-19.976	-3.681	-2.236	924.829	0.614
0.843	0.311	-19.982	-3.673	-2.244	930.922	0.614
0.845	0.304	-19.982	-3.648	-2.244	933.358	0.614
0.846	0.298	-20.000	-3.640	-2.236	929.703	0.614
0.848	0.304	-20.000	-3.615	-2.253	928.485	0.614
0.849	0.304	-20.012	-3.599	-2.244	929.703	0.613
0.851	0.298	-20.012	-3.591	-2.236	927.266	0.613
0.852	0.311	-20.018	-3.574	-2.236	924.829	0.614
0.854	0.304	-20.006	-3.566	-2.236	922.392	0.614
0.856	0.286	-20.018	-3.542	-2.236	919.955	0.614
0.857	0.298	-20.006	-3.525	-2.244	919.955	0.614
0.859	0.298	-20.006	-3.517	-2.236	918.737	0.612
0.860	0.298	-20.012	-3.501	-2.236	918.737	0.613
0.862	0.292	-20.024	-3.484	-2.236	916.300	0.613
0.863	0.298	-20.012	-3.484	-2.236	915.081	0.613
0.865	0.292	-20.012	-3.460	-2.236	912.644	0.613
0.866	0.286	-20.024	-3.451	-2.236	910.207	0.612
0.868	0.286	-20.024	-3.435	-2.244	911.426	0.612
0.870	0.286	-20.037	-3.419	-2.253	911.426	0.611
0.871	0.286	-20.024	-3.402	-2.236	916.300	0.611
0.873	0.280	-20.024	-3.394	-2.236	922.392	0.612
0.874	0.274	-20.030	-3.378	-2.244	928.485	0.612
0.876	0.280	-20.037	-3.361	-2.244	932.140	0.612
0.877	0.274	-20.030	-3.345	-2.228	933.358	0.611
0.879	0.268	-20.043	-3.337	-2.236	933.358	0.612
0.880	0.268	-20.024	-3.320	-2.236	929.703	0.611
0.882	0.274	-20.043	-3.304	-2.253	928.485	0.609
0.883	0.274	-20.030	-3.288	-2.236	926.048	0.611
0.885	0.268	-20.049	-3.263	-2.228	924.829	0.611
0.887	0.280	-20.024	-3.255	-2.236	923.611	0.611
0.888	0.268	-20.049	-3.230	-2.236	922.392	0.611
0.890	0.268	-20.037	-3.222	-2.253	921.174	0.611
0.891	0.274	-20.055	-3.214	-2.244	918.737	0.612
0.893	0.268	-20.037	-3.198	-2.244	916.300	0.609
0.894	0.262	-20.049	-3.189	-2.220	916.300	0.612
0.896	0.262	-20.049	-3.165	-2.244	913.863	0.611
0.897	0.262	-20.049	-3.157	-2.244	912.644	0.612
0.899	0.262	-20.024	-3.148	-2.228	906.552	0.611
0.901	0.262	-20.049	-3.140	-2.244	911.426	0.612
0.902	0.262	-20.043	-3.124	-2.228	915.081	0.609
0.904	0.256	-20.049	-3.116	-2.244	923.611	0.612
0.905	0.262	-20.037	-3.091	-2.236	924.829	0.609
0.907	0.262	-20.055	-3.075	-2.236	932.140	0.611
0.908	0.250	-20.030	-3.075	-2.228	930.922	0.611
0.910	0.256	-20.061	-3.050	-2.236	930.922	0.609
0.911	0.250	-20.049	-3.042	-2.236	928.485	0.611
0.913	0.250	-20.055	-3.042	-2.236	927.266	0.612
0.914	0.262	-20.049	-3.001	-2.244	927.266	0.611
0.916	0.250	-20.049	-3.009	-2.236	922.392	0.611
0.918	0.250	-20.037	-2.985	-2.228	923.611	0.608
0.919	0.237	-20.055	-2.960	-2.228	922.392	0.609
0.921	0.250	-20.049	-2.944	-2.228	921.174	0.611
0.922	0.250	-20.049	-2.944	-2.236	918.737	0.608
0.924	0.244	-20.055	-2.927	-2.228	917.518	0.609
0.925	0.244	-20.055	-2.911	-2.244	917.518	0.609
0.927	0.231	-20.055	-2.903	-2.228	913.863	0.608
0.928	0.286	-20.037	-2.903	-2.228	915.081	0.609
0.930	-44.171	-20.049	-2.894	-2.220	904.115	0.607
0.932	-49.212	-20.049	-2.952	-2.236	913.863	0.612
0.933	-49.413	-20.061	-2.968	-2.244	913.863	0.609
0.935	-49.437	-20.061	-3.001	-2.236	917.518	0.608
0.936	-49.431	-20.067	-3.026	-2.228	919.955	0.608
0.938	-49.437	-20.067	-3.050	-2.236	928.485	0.609
0.939	-49.443	-20.073	-3.075	-2.244	932.140	0.609
0.941	-49.443	-20.073	-3.107	-2.236	932.140	0.608
0.942	-49.431	-20.079	-3.132	-2.236	930.922	0.609
0.944	-49.431	-20.055	-3.148	-2.244	929.703	0.608
0.945	-49.431	-20.079	-3.181	-2.236	926.048	0.609
0.947	-49.425	-20.061	-3.206	-2.228	926.048	0.607
0.949	-49.419	-20.073	-3.214	-2.228	926.048	0.609
0.950	-49.425	-20.055	-3.238	-2.228	923.611	0.609
0.952	-49.419	-20.079	-3.263	-2.236	922.392	0.608
0.953	-49.419	-20.067	-3.279	-2.220	919.955	0.609
0.955	-49.419	-20.079	-3.304	-2.236	919.955	0.608
0.956	-49.419	-20.079	-3.329	-2.220	916.300	0.608
0.958	-49.407	-20.091	-3.345	-2.236	915.081	0.608
0.959	-49.413	-20.073	-3.378	-2.228	913.863	0.608
0.961	-49.413	-20.091	-3.386	-2.220	912.644	0.608
0.963	-49.413	-20.079	-3.410	-2.228	908.989	0.608
0.964	-49.400	-20.085	-3.410	-2.244	910.207	0.607
0.966	-49.394	-20.073	-3.435	-2.220	915.081	0.611
0.967	-49.394	-20.085	-3.460	-2.220	918.737	0.608
0.969	-49.394	-20.079	-3.484	-2.236	927.266	0.609
0.970	-49.388	-20.085	-3.492	-2.236	932.140	0.608
0.972	-49.388	-20.079	-3.525	-2.220	930.922	0.607
0.973	-49.382	-20.085	-3.533	-2.228	929.703	0.609
0.975	-49.370	-20.085	-3.550	-2.228	929.703	0.608
0.976	-49.352	-20.091	-3.582	-2.236	928.485	0.611
0.978	-49.358	-20.091	-3.591	-2.228	926.048	0.607
0.980	-49.358	-20.091	-3.607	-2.236	923.611	0.608
0.981	-49.364	-20.085	-3.623	-2.236	922.392	0.609
0.983	-49.358	-20.097	-3.648	-2.228	923.611	0.611
0.984	-49.358	-20.097	-3.664	-2.236	917.518	0.609
0.986	-49.352	-20.091	-3.689	-2.228	921.174	0.609
0.987	-49.340	-20.085	-3.689	-2.212	916.300	0.608
0.989	-49.352	-20.097	-3.705	-2.220	916.300	0.608
0.990	-49.352	-20.097	-3.714	-2.228	915.081	0.611
0.992	-49.346	-20.097	-3.754	-2.236	913.863	0.608
0.994	-49.340	-20.091	-3.763	-2.228	911.426	0.608
0.995	-49.340	-20.091	-3.779	-2.236	910.207	0.608
0.997	-49.333	-20.104	-3.787	-2.212	911.426	0.608
0.998	-49.340	-20.091	-3.812	-2.236	913.863	0.607
1.000	-49.327	-20.104	-3.836	-2.236	923.611	0.607
1.001	-49.321	-20.097	-3.845	-2.236	929.703	0.607
1.003	-49.315	-20.116	-3.845	-2.228	933.358	0.611
1.004	-49.309	-20.097	-3.869	-2.228	932.140	0.608
1.006	-49.303	-20.110	-3.886	-2.236	932.140	0.609
1.007	-49.303	-20.091	-3.910	-2.220	929.703	0.611
1.009	-49.309	-20.104	-3.927	-2.228	928.485	0.611
1.011	-49.291	-20.091	-3.927	-2.228	927.266	0.609
1.012	-49.297	-20.110	-3.959	-2.228	923.611	0.609
