Time (ms)	Ch1 V	Ch2 V	Ch1 A	Ch2 A	RPM	Torque
0.000	48.999	36.116	5.690	4.022	1647.390	-1.120
0.002	48.992	36.067	5.698	4.022	1642.516	-1.122
0.003	48.992	36.085	5.706	4.030	1641.297	-1.123
0.005	48.992	36.116	5.690	4.022	1643.734	-1.120
0.006	48.999	36.085	5.698	4.038	1649.827	-1.123
0.008	48.999	36.043	5.698	4.030	1653.482	-1.123
0.009	48.986	36.091	5.698	4.022	1655.919	-1.123
0.011	48.992	36.116	5.714	4.022	1657.138	-1.120
0.012	48.986	36.097	5.714	4.022	1655.919	-1.122
0.014	48.986	36.055	5.731	4.030	1651.045	-1.124
0.015	48.986	36.006	5.739	4.038	1651.045	-1.123
0.017	48.986	36.043	5.722	4.022	1647.390	-1.124
0.019	48.980	36.073	5.731	4.030	1644.953	-1.122
0.020	48.986	36.091	5.731	4.030	1646.171	-1.122
0.022	48.980	36.055	5.739	4.030	1642.516	-1.122
0.023	48.980	35.994	5.739	4.022	1647.390	-1.124
0.025	48.974	35.994	5.755	4.030	1653.482	-1.122
0.026	48.974	36.043	5.747	4.022	1658.356	-1.122
0.028	48.980	36.073	5.755	4.030	1660.793	-1.122
0.029	48.980	36.067	5.755	4.030	1657.138	-1.123
0.031	48.980	36.031	5.755	4.046	1654.701	-1.123
0.033	48.980	35.982	5.772	4.030	1653.482	-1.122
0.034	48.974	36.012	5.763	4.030	1649.827	-1.123
0.036	48.974	36.055	5.772	4.030	1647.390	-1.120
0.037	48.980	36.085	5.788	4.030	1638.861	-1.123
0.039	48.974	36.067	5.772	4.038	1643.734	-1.123
0.040	48.974	36.018	5.780	4.038	1644.953	-1.123
0.042	48.968	35.982	5.780	4.022	1649.827	-1.122
0.043	48.974	36.018	5.780	4.022	1654.701	-1.123
0.045	48.968	36.061	5.780	4.030	1658.356	-1.123
0.046	48.956	36.073	5.788	4.022	1657.138	-1.122
0.048	48.962	36.024	5.804	4.030	1653.482	-1.124
0.050	48.962	35.964	5.788	4.030	1652.264	-1.122
0.051	48.968	35.982	5.804	4.030	1649.827	-1.124
0.053	48.956	36.043	5.812	4.030	1648.608	-1.123
0.054	48.956	36.061	5.804	4.038	1644.953	-1.124
0.056	48.950	36.018	5.821	4.030	1644.953	-1.122
0.057	48.962	36.006	5.829	4.022	1646.171	-1.123
0.059	48.956	36.055	5.821	4.030	1649.827	-1.122
0.060	48.956	36.073	5.837	4.030	1655.919	-1.123
0.062	48.950	36.043	5.812	4.030	1660.793	-1.123
0.064	48.962	35.982	5.829	4.030	1659.575	-1.122
0.065	48.956	35.970	5.829	4.022	1657.138	-1.123
0.067	48.956	36.018	5.837	4.038	1653.482	-1.120
0.068	48.950	36.049	5.829	4.038	1651.045	-1.124
0.070	48.956	36.018	5.845	4.038	1648.608	-1.124
0.071	48.956	35.994	5.853	4.022	1647.390	-1.123
0.073	48.944	35.927	5.853	4.038	1640.079	-1.123
0.074	48.944	35.970	5.853	4.030	1641.297	-1.123
0.076	48.938	36.012	5.853	4.030	1643.734	-1.124
0.077	48.944	36.055	5.870	4.030	1651.045	-1.123
0.079	48.944	36.024	5.870	4.030	1653.482	-1.123
0.081	48.938	35.988	5.862	4.030	1659.575	-1.122
0.082	48.950	35.945	5.878	4.022	1655.919	-1.124
0.084	48.950	35.988	5.862	4.022	1657.138	-1.122
0.085	48.932	36.037	5.878	4.030	1651.045	-1.124
0.087	48.938	36.049	5.878	4.030	1649.827	-1.123
0.088	48.944	36.012	5.886	4.030	1644.953	-1.124
0.090	48.944	35.964	5.886	4.038	1643.734	-1.122
0.091	48.938	35.957	5.886	4.030	1643.734	-1.123
0.093	48.932	36.006	5.903	4.038	1646.171	-1.124
0.095	48.938	36.043	5.903	4.030	1651.045	-1.124
0.096	48.932	36.024	5.903	4.030	1655.919	-1.124
0.098	48.938	35.994	5.894	4.030	1662.012	-1.122
0.099	48.932	36.024	5.911	4.038	1657.138	-1.123
0.101	48.932	36.061	5.911	4.030	1657.138	-1.124
0.102	48.932	36.018	5.911	4.030	1651.045	-1.124
0.104	48.926	35.970	5.919	4.030	1651.045	-1.122
0.105	48.919	35.939	5.919	4.030	1648.608	-1.122
0.107	48.919	35.994	5.919	4.030	1646.171	-1.123
0.108	48.926	36.037	5.927	4.038	1642.516	-1.124
0.110	48.926	36.031	5.935	4.046	1642.516	-1.123
0.112	48.919	35.988	5.935	4.038	1646.171	-1.120
0.113	48.919	35.945	5.944	4.038	1651.045	-1.124
0.115	48.926	35.939	5.952	4.022	1657.138	-1.123
0.116	48.913	36.000	5.952	4.030	1658.356	-1.123
0.118	48.919	36.037	5.952	4.030	1657.138	-1.124
0.119	48.913	36.037	5.944	4.038	1653.482	-1.122
0.121	48.926	35.994	5.960	4.014	1652.264	-1.124
0.122	48.907	35.945	5.944	4.038	1648.608	-1.124
0.124	48.907	35.964	5.960	4.038	1644.953	-1.124
0.126	48.913	36.018	5.960	4.038	1644.953	-1.122
0.127	48.919	36.067	5.976	4.038	1642.516	-1.125
0.129	48.919	36.037	5.968	4.038	1648.608	-1.123
0.130	48.907	35.982	5.985	4.030	1653.482	-1.123
0.132	48.919	35.951	5.993	4.030	1658.356	-1.123
0.133	48.907	35.988	5.993	4.030	1659.575	-1.124
0.135	48.913	36.031	5.985	4.030	1658.356	-1.122
0.136	48.907	36.055	5.993	4.030	1655.919	-1.122
0.138	48.907	36.018	6.001	4.030	1653.482	-1.124
0.139	48.907	35.951	6.009	4.030	1651.045	-1.122
0.141	48.907	35.957	6.001	4.046	1647.390	-1.123
0.143	48.913	36.006	6.009	4.030	1643.734	-1.122
0.144	48.907	36.031	6.001	4.030	1642.516	-1.124
0.146	48.901	36.006	6.009	4.030	1644.953	-1.123
0.147	48.907	35.970	6.017	4.022	1647.390	-1.124
0.149	48.907	36.018	6.001	4.038	1653.482	-1.123
0.150	48.895	36.049	6.017	4.022	1657.138	-1.124
0.152	48.901	36.012	6.034	4.030	1658.356	-1.123
0.153	48.895	35.994	6.025	4.022	1655.919	-1.123
0.155	48.895	36.018	6.025	4.022	1653.482	-1.123
0.157	48.889	36.006	6.034	4.022	1649.827	-1.124
0.158	48.889	35.945	6.034	4.030	1647.390	-1.124
0.160	48.895	35.976	6.034	4.030	1647.390	-1.124
0.161	48.895	36.018	6.034	4.030	1648.608	-1.125
0.163	48.901	35.994	6.050	4.022	1643.734	-1.124
0.164	48.895	35.939	6.050	4.022	1647.390	-1.124
0.166	48.889	35.970	6.050	4.022	1652.264	-1.124
0.167	48.889	36.006	6.050	4.022	1658.356	-1.125
0.169	48.895	35.976	6.050	4.022	1660.793	-1.123
0.170	48.877	35.933	6.058	4.022	1655.919	-1.124
0.172	48.895	35.976	6.058	4.038	1654.701	-1.122
0.174	48.895	36.006	6.066	4.014	1652.264	-1.124
0.175	48.883	35.988	6.066	4.030	1651.045	-1.124
0.177	48.889	35.927	6.075	4.030	1647.390	-1.124
0.178	48.889	35.878	6.075	4.022	1643.734	-1.124
0.180	48.889	35.927	6.058	4.022	1643.734	-1.124
0.181	48.877	35.964	6.083	4.030	1643.734	-1.125
0.183	48.889	35.951	6.091	4.014	1649.827	-1.127
0.184	48.877	35.890	6.083	4.030	1652.264	-1.125
0.186	48.883	35.915	6.091	4.014	1658.356	-1.123
0.188	48.883	35.951	6.083	4.005	1658.356	-1.124
0.189	48.877	35.921	6.107	4.022	1655.919	-1.124
0.191	48.877	35.878	6.083	4.030	1653.482	-1.125
0.192	48.877	35.903	6.099	4.005	1648.608	-1.124
0.194	48.883	35.909	6.099	4.014	1648.608	-1.125
0.195	48.883	35.860	6.107	4.014	1647.390	-1.125
0.197	48.877	35.824	6.099	4.014	1651.045	-1.125
0.198	48.883	35.763	6.116	4.005	1643.734	-1.124
0.200	48.871	35.799	6.124	4.005	1648.608	-1.124
0.201	48.883	35.830	6.124	4.005	1653.482	-1.123
0.203	48.871	35.866	6.124	4.005	1659.575	-1.127
0.205	48.877	35.824	6.132	4.005	1658.356	-1.125
0.206	48.877	35.793	6.132	4.005	1658.356	-1.127
0.208	48.871	35.750	6.124	3.997	1655.919	-1.123
0.209	48.877	35.769	6.132	3.997	1652.264	-1.124
0.211	48.865	35.817	6.132	4.005	1649.827	-1.123
0.212	48.871	35.787	6.148	4.005	1646.171	-1.125
0.214	48.871	35.738	6.140	3.997	1638.861	-1.125
0.215	48.859	35.750	6.148	4.005	1641.297	-1.124
0.217	48.865	35.793	6.140	3.989	1646.171	-1.127
0.219	48.871	35.787	6.148	3.997	1649.827	-1.124
0.220	48.871	35.744	6.157	4.005	1652.264	-1.127
0.222	48.865	35.690	6.157	4.005	1658.356	-1.125
0.223	4.104	35.702	6.124	3.989	1658.356	-1.127
0.225	-0.268	35.744	6.075	3.989	1659.575	-1.123
0.226	-0.487	35.757	6.034	3.989	1652.264	-1.125
0.228	-0.493	35.671	6.001	3.989	1649.827	-1.125
0.229	-0.493	35.635	5.960	3.989	1646.171	-1.125
0.231	-0.487	35.397	5.919	3.964	1646.171	-1.127
0.232	-0.481	35.422	5.886	3.956	1644.953	-1.125
0.234	-0.487	35.458	5.837	3.956	1644.953	-1.127
0.236	-0.493	35.470	5.804	3.956	1651.045	-1.124
0.237	-0.469	35.422	5.780	3.956	1654.701	-1.125
0.239	-0.475	35.416	5.755	3.964	1658.356	-1.124
0.240	-0.475	35.452	5.706	3.964	1660.793	-1.127
0.242	-0.481	35.452	5.673	3.964	1657.138	-1.125
0.243	-11.513	35.403	5.698	3.964	1660.793	-1.119
0.245	-1.047	35.428	5.624	3.956	1652.264	-1.122
0.246	-0.524	35.464	5.575	3.964	1652.264	-1.122
0.248	-0.499	35.452	5.542	3.964	1646.171	-1.125
0.250	-0.481	35.403	5.509	3.948	1637.642	-1.125
0.251	-0.469	35.446	5.477	3.956	1641.297	-1.125
0.253	-0.463	35.458	5.460	3.948	1646.171	-1.125
0.254	-0.463	35.422	5.411	3.948	1647.390	-1.127
0.256	-0.475	35.416	5.387	3.964	1654.701	-1.125
0.257	-0.463	35.458	5.354	3.964	1659.575	-1.127
0.259	-0.451	35.458	5.329	3.948	1658.356	-1.125
0.260	-0.451	35.416	5.305	3.964	1654.701	-1.125
0.262	-0.463	35.422	5.272	3.964	1654.701	-1.127
0.263	40.268	35.464	5.280	3.964	1642.516	-1.131
0.265	48.585	35.483	5.280	3.964	1646.171	-1.125
0.267	48.950	35.452	5.305	3.973	1646.171	-1.123
0.268	48.986	35.379	5.313	3.964	1643.734	-1.123
0.270	48.986	35.397	5.329	3.964	1646.171	-1.125
0.271	48.999	35.458	5.346	3.956	1651.045	-1.125
0.273	48.992	35.495	5.370	3.964	1654.701	-1.124
0.274	48.999	35.476	5.362	3.964	1657.138	-1.124
0.276	49.005	35.440	5.370	3.964	1659.575	-1.125
0.277	49.005	35.489	5.387	3.964	1657.138	-1.124
0.279	49.011	35.501	5.378	3.973	1654.701	-1.125
0.281	49.005	35.464	5.403	3.973	1651.045	-1.125
0.282	49.011	35.458	5.419	3.964	1648.608	-1.123
0.284	49.011	35.507	5.395	3.973	1647.390	-1.124
0.285	49.017	35.531	5.419	3.964	1640.079	-1.124
0.287	49.017	35.495	5.436	3.973	1643.734	-1.123
0.288	49.017	35.470	5.428	3.964	1644.953	-1.124
0.290	49.023	35.446	5.444	3.956	1652.264	-1.123
0.291	49.023	35.489	5.452	3.964	1653.482	-1.125
0.293	49.023	35.537	5.468	3.973	1660.793	-1.124
0.294	49.029	35.562	5.452	3.964	1657.138	-1.124
0.296	49.023	35.537	5.460	3.981	1653.482	-1.125
0.298	49.017	35.525	5.477	3.964	1653.482	-1.123
0.299	49.023	35.501	5.485	3.981	1649.827	-1.124
0.301	49.011	35.550	5.477	3.973	1647.390	-1.124
0.302	49.023	35.586	5.485	3.964	1644.953	-1.123
0.304	49.017	35.580	5.493	3.964	1643.734	-1.123
0.305	49.017	35.537	5.501	3.973	1644.953	-1.125
0.307	49.023	35.501	5.509	3.981	1649.827	-1.123
0.308	49.023	35.525	5.518	3.973	1654.701	-1.124
0.310	49.023	35.574	5.526	3.964	1660.793	-1.124
0.312	49.023	35.623	5.534	3.981	1659.575	-1.123
0.313	49.029	35.623	5.534	3.981	1655.919	-1.125
0.315	49.011	35.592	5.526	3.973	1653.482	-1.122
0.316	49.023	35.537	5.542	3.973	1649.827	-1.124
0.318	49.017	35.580	5.550	3.981	1648.608	-1.124
0.319	49.017	35.635	5.542	3.981	1646.171	-1.124
0.321	49.017	35.623	5.542	3.973	1642.516	-1.125
0.322	49.023	35.586	5.559	3.981	1642.516	-1.124
0.324	49.017	35.556	5.559	3.981	1648.608	-1.125
0.325	49.011	35.568	5.567	3.981	1651.045	-1.123
0.327	49.017	35.610	5.575	3.973	1655.919	-1.122
0.329	49.011	35.653	5.575	3.989	1658.356	-1.124
0.330	49.017	35.659	5.583	3.981	1658.356	-1.124
0.332	49.011	35.629	5.591	3.981	1654.701	-1.123
0.333	49.011	35.653	5.591	3.981	1653.482	-1.124
0.335	49.017	35.690	5.591	3.989	1649.827	-1.123
0.336	49.005	35.671	5.608	3.973	1646.171	-1.122
0.338	48.956	35.647	5.600	3.989	1646.171	-1.125
0.339	48.992	35.690	5.600	3.981	1643.734	-1.123
0.341	48.999	35.732	5.608	3.989	1647.390	-1.123
0.343	48.999	35.708	5.624	3.989	1652.264	-1.124
0.344	49.011	35.665	5.616	3.989	1657.138	-1.124
0.346	48.999	35.635	5.624	3.989	1662.012	-1.124
0.347	48.999	35.683	5.624	3.981	1658.356	-1.124
0.349	49.011	35.714	5.640	3.989	1654.701	-1.124
0.350	49.017	35.744	5.632	3.981	1652.264	-1.124
0.352	49.005	35.714	5.649	3.989	1651.045	-1.124
0.353	49.005	35.671	5.657	3.981	1647.390	-1.124
0.355	48.999	35.683	5.649	3.989	1646.171	-1.123
0.356	49.011	35.720	5.657	3.981	1642.516	-1.124
0.358	49.005	35.763	5.657	3.989	1642.516	-1.124
0.360	48.992	35.744	5.665	3.997	1648.608	-1.123
0.361	48.999	35.726	5.665	3.981	1652.264	-1.124
0.363	48.992	35.683	5.681	3.997	1657.138	-1.122
0.364	48.999	35.708	5.690	3.989	1660.793	-1.123
0.366	48.999	35.757	5.673	3.989	1657.138	-1.123
0.367	48.992	35.793	5.690	3.997	1653.482	-1.125
0.369	48.986	35.787	5.690	3.997	1649.827	-1.124
0.370	48.992	35.750	5.698	4.005	1649.827	-1.125
0.372	48.992	35.702	5.706	4.014	1647.390	-1.123
0.374	48.992	35.757	5.698	3.981	1652.264	-1.123
0.375	48.992	35.793	5.698	3.997	1643.734	-1.125
0.377	48.992	35.817	5.706	3.981	1649.827	-1.124
0.378	48.986	35.787	5.714	3.997	1653.482	-1.124
0.380	48.986	35.799	5.722	3.997	1658.356	-1.123
0.381	48.986	35.842	5.731	3.997	1660.793	-1.125
0.383	48.986	35.836	5.722	4.005	1659.575	-1.123
0.384	48.992	35.805	5.731	3.997	1654.701	-1.123
0.386	48.986	35.757	5.739	3.997	1655.919	-1.124
0.387	48.986	35.793	5.747	3.997	1651.045	-1.123
0.389	48.980	35.817	5.747	3.997	1647.390	-1.124
0.391	48.986	35.860	5.747	3.997	1643.734	-1.123
0.392	48.986	35.854	5.747	3.997	1643.734	-1.124
0.394	48.974	35.824	5.747	3.997	1644.953	-1.124
0.395	48.986	35.787	5.755	3.989	1648.608	-1.124
0.397	48.974	35.817	5.755	4.005	1653.482	-1.124
0.398	48.968	35.848	5.772	4.005	1657.138	-1.124
0.400	48.974	35.878	5.755	3.989	1659.575	-1.127
0.401	48.974	35.860	5.780	4.005	1655.919	-1.124
0.403	48.974	35.824	5.763	3.997	1653.482	-1.124
0.405	48.968	35.805	5.788	3.997	1651.045	-1.124
0.406	48.974	35.842	5.788	3.997	1648.608	-1.125
0.408	48.974	35.872	5.796	4.005	1644.953	-1.124
0.409	48.968	35.897	5.780	4.005	1647.390	-1.125
0.411	48.974	35.860	5.788	4.014	1644.953	-1.124
0.412	48.962	35.884	5.796	4.014	1648.608	-1.124
0.414	48.962	35.909	5.804	3.997	1654.701	-1.124
0.415	48.968	35.903	5.804	4.005	1659.575	-1.125
0.417	48.968	35.866	5.804	4.014	1660.793	-1.124
0.418	48.968	35.897	5.804	4.005	1655.919	-1.124
0.420	48.962	35.933	5.812	3.997	1655.919	-1.125
0.422	48.962	35.921	5.812	4.005	1653.482	-1.125
0.423	48.956	35.890	5.821	3.997	1648.608	-1.127
0.425	48.956	35.854	5.829	4.014	1646.171	-1.125
0.426	48.962	35.872	5.821	4.022	1637.642	-1.124
0.428	48.956	35.915	5.829	4.005	1643.734	-1.124
0.429	48.962	35.939	5.837	4.014	1643.734	-1.128
0.431	48.956	35.927	5.845	4.005	1649.827	-1.124
0.432	48.950	35.909	5.845	4.014	1653.482	-1.124
0.434	48.956	35.945	5.837	4.005	1659.575	-1.127
0.436	48.950	35.933	5.853	4.005	1660.793	-1.123
0.437	48.950	35.897	5.853	3.997	1655.919	-1.127
0.439	48.950	35.921	5.862	4.022	1653.482	-1.124
0.440	48.950	35.957	5.862	4.005	1648.608	-1.125
0.442	48.944	35.957	5.862	4.005	1648.608	-1.123
0.443	48.944	35.933	5.878	4.005	1642.516	-1.124
0.445	48.944	35.915	5.862	3.997	1644.953	-1.125
0.446	48.944	35.915	5.870	4.005	1646.171	-1.125
0.448	48.938	35.945	5.870	4.005	1649.827	-1.125
0.449	48.944	35.982	5.886	3.997	1652.264	-1.124
0.451	48.944	35.970	5.870	4.005	1659.575	-1.124
0.453	48.938	35.939	5.894	3.997	1662.012	-1.124
0.454	48.938	35.897	5.886	4.014	1658.356	-1.128
0.456	48.944	35.921	5.886	4.014	1653.482	-1.127
0.457	48.938	35.964	5.903	4.014	1652.264	-1.127
0.459	48.926	36.000	5.919	4.005	1649.827	-1.127
0.460	48.938	35.994	5.903	4.014	1646.171	-1.127
0.462	48.938	35.970	5.911	4.005	1637.642	-1.125
0.463	48.926	35.927	5.911	4.014	1640.079	-1.124
0.465	48.926	35.964	5.927	4.022	1643.734	-1.125
0.467	48.932	36.000	5.919	4.014	1648.608	-1.124
0.468	48.932	36.018	5.935	4.014	1654.701	-1.127
0.470	48.932	35.982	5.927	4.005	1660.793	-1.125
0.471	48.932	35.957	5.911	4.005	1658.356	-1.127
0.473	48.932	35.951	5.935	4.005	1655.919	-1.127
0.474	48.919	35.982	5.935	4.005	1651.045	-1.125
0.476	48.926	36.031	5.935	4.005	1649.827	-1.124
0.477	48.926	36.031	5.952	4.005	1646.171	-1.125
0.479	48.919	35.994	5.952	4.014	1643.734	-1.125
0.480	48.926	35.964	5.944	4.005	1644.953	-1.125
0.482	48.926	35.988	5.952	4.014	1646.171	-1.124
0.484	48.926	36.012	5.952	4.014	1651.045	-1.124
0.485	48.913	36.049	5.960	4.022	1655.919	-1.125
0.487	48.926	36.043	5.960	4.005	1660.793	-1.127
0.488	48.913	36.006	5.960	4.005	1659.575	-1.125
0.490	48.913	35.976	5.968	4.005	1658.356	-1.125
0.491	48.913	35.994	5.960	4.014	1653.482	-1.125
0.493	48.913	36.024	5.976	4.014	1652.264	-1.127
0.494	48.919	36.049	5.968	4.005	1648.608	-1.124
0.496	48.907	36.024	5.976	4.014	1646.171	-1.125
0.498	48.913	36.031	5.985	4.005	1640.079	-1.125
0.499	48.907	36.061	5.985	4.022	1643.734	-1.127
0.501	48.913	36.061	5.993	4.005	1647.390	-1.125
0.502	48.913	36.031	5.993	4.030	1652.264	-1.125
0.504	48.913	36.055	5.993	4.005	1655.919	-1.125
0.505	48.913	36.085	5.993	4.022	1659.575	-1.129
0.507	48.907	36.097	5.993	4.005	1654.701	-1.129
0.508	48.907	36.061	6.009	4.005	1654.701	-1.125
0.510	48.901	36.018	6.009	4.014	1653.482	-1.125
0.511	48.913	36.031	6.009	4.014	1647.390	-1.128
0.513	48.913	36.061	6.009	4.014	1647.390	-1.128
0.515	48.907	36.091	6.017	4.014	1643.734	-1.128
0.516	48.901	36.073	6.025	4.014	1643.734	-1.127
0.518	48.895	36.055	6.017	4.014	1647.390	-1.127
0.519	48.901	36.085	6.025	4.014	1649.827	-1.127
0.521	48.895	36.097	6.025	4.005	1655.919	-1.125
0.522	48.895	36.067	6.042	4.014	1659.575	-1.129
0.524	48.901	36.073	6.025	4.014	1657.138	-1.127
0.525	48.889	36.097	6.034	4.005	1655.919	-1.127
0.527	48.895	36.116	6.050	4.014	1651.045	-1.128
0.529	48.895	36.085	6.042	4.014	1653.482	-1.128
0.530	48.889	36.067	6.050	4.014	1647.390	-1.128
0.532	48.889	36.043	6.042	4.030	1644.953	-1.127
0.533	48.889	36.067	6.050	4.005	1641.297	-1.127
0.535	48.895	36.097	6.050	4.005	1643.734	-1.127
0.536	48.889	36.116	6.058	4.014	1646.171	-1.127
0.538	48.889	36.085	6.058	4.014	1652.264	-1.128
0.539	48.889	36.067	6.066	4.014	1655.919	-1.128
0.541	48.889	36.061	6.075	4.014	1659.575	-1.129
0.542	48.895	36.091	6.066	4.014	1657.138	-1.127
0.544	48.883	36.116	6.083	4.005	1652.264	-1.128
0.546	48.883	36.128	6.083	4.014	1651.045	-1.125
0.547	48.889	36.097	6.075	4.022	1648.608	-1.128
0.549	48.883	36.055	6.091	4.022	1646.171	-1.125
0.550	48.877	36.079	6.083	4.022	1649.827	-1.128
0.552	48.877	36.110	6.083	4.022	1644.953	-1.128
0.553	48.889	36.134	6.091	4.014	1648.608	-1.125
0.555	48.883	36.134	6.099	4.014	1652.264	-1.129
0.556	48.883	36.116	6.107	4.014	1659.575	-1.127
0.558	48.883	36.061	6.116	4.014	1659.575	-1.129
0.560	48.883	36.097	6.099	4.014	1659.575	-1.128
0.561	48.883	36.128	6.107	4.022	1655.919	-1.128
0.563	48.877	36.146	6.116	4.022	1653.482	-1.127
0.564	48.871	36.134	6.116	4.014	1651.045	-1.129
0.566	48.877	36.097	6.116	4.014	1648.608	-1.128
0.567	48.871	36.079	6.116	4.014	1643.734	-1.130
0.569	48.883	36.110	6.124	4.014	1642.516	-1.127
0.570	48.871	36.146	6.132	4.005	1643.734	-1.128
0.572	48.877	36.140	6.132	4.014	1647.390	-1.128
0.573	48.871	36.110	6.132	4.022	1653.482	-1.129
0.575	48.883	36.128	6.132	4.005	1657.138	-1.128
0.577	48.877	36.164	6.132	4.014	1658.356	-1.129
0.578	48.865	36.140	6.148	4.014	1657.138	-1.128
0.580	48.871	36.122	6.140	4.014	1654.701	-1.128
0.581	48.865	36.152	6.148	4.005	1648.608	-1.129
0.583	48.877	36.164	6.148	4.022	1647.390	-1.127
0.584	48.871	36.128	6.148	4.014	1646.171	-1.128
0.586	48.865	36.122	6.165	4.022	1649.827	-1.129
0.587	48.865	36.152	6.157	4.022	1646.171	-1.129
0.589	48.871	36.171	6.157	4.022	1648.608	-1.127
0.591	48.859	36.152	6.165	4.022	1654.701	-1.128
0.592	48.865	36.146	6.165	4.030	1658.356	-1.129
0.594	48.859	36.164	6.173	4.014	1658.356	-1.127
0.595	48.859	36.189	6.173	4.022	1658.356	-1.128
0.597	48.865	36.158	6.181	4.014	1657.138	-1.127
0.598	48.865	36.116	6.173	4.014	1652.264	-1.129
0.600	48.859	36.104	6.173	4.022	1649.827	-1.128
0.601	48.865	36.140	6.173	4.014	1647.390	-1.129
0.603	48.865	36.164	6.197	4.014	1642.516	-1.130
0.604	48.859	36.164	6.189	4.005	1642.516	-1.129
0.606	48.859	36.134	6.197	4.014	1643.734	-1.129
0.608	48.859	36.152	6.197	4.014	1648.608	-1.130
0.609	48.852	36.189	6.206	4.014	1653.482	-1.128
0.611	48.859	36.171	6.197	4.014	1659.575	-1.128
0.612	48.859	36.146	6.206	4.030	1658.356	-1.128
0.614	48.852	36.104	6.197	4.014	1655.919	-1.129
0.615	48.846	36.122	6.206	4.014	1652.264	-1.130
0.617	15.976	36.158	6.132	4.022	1647.390	-1.130
0.618	0.317	36.177	6.157	4.014	1646.171	-1.131
0.620	-0.469	36.158	6.107	4.022	1643.734	-1.131
0.622	-0.499	36.152	6.058	4.022	1648.608	-1.129
0.623	-0.487	36.171	6.025	4.014	1644.953	-1.128
0.625	-0.493	36.183	5.985	4.014	1649.827	-1.130
0.626	-0.499	36.146	5.952	4.022	1653.482	-1.131
0.628	-0.487	36.140	5.903	4.022	1658.356	-1.128
0.629	-0.493	36.116	5.878	4.022	1660.793	-1.127
0.631	-0.487	36.140	5.829	4.005	1658.356	-1.127
0.632	-0.487	36.171	5.796	4.014	1655.919	-1.129
0.634	-0.487	36.183	5.763	4.014	1652.264	-1.128
0.635	-0.487	36.158	5.731	4.014	1649.827	-1.130
0.637	-3.823	36.152	5.698	4.022	1640.079	-1.135
0.639	-2.569	36.116	5.673	4.014	1630.331	-1.133
0.640	-0.603	36.140	5.640	4.005	1638.861	-1.131
0.642	-0.505	36.183	5.608	4.022	1646.171	-1.127
0.643	-0.487	36.189	5.567	4.014	1652.264	-1.128
0.645	-0.481	36.164	5.542	4.014	1655.919	-1.128
0.646	-0.475	36.183	5.509	4.022	1657.138	-1.129
0.648	-0.475	36.201	5.468	4.014	1658.356	-1.127
0.649	-0.469	36.177	5.444	4.014	1653.482	-1.128
0.651	-0.469	36.158	5.411	4.022	1653.482	-1.128
0.653	-0.457	36.189	5.387	4.022	1651.045	-1.128
0.654	-0.463	36.207	5.370	4.014	1647.390	-1.127
0.656	-0.457	36.183	5.321	4.014	1644.953	-1.128
0.657	17.297	36.152	5.321	4.022	1648.608	-1.123
0.659	47.385	36.134	5.329	4.014	1651.045	-1.125
0.660	48.901	36.158	5.337	4.005	1647.390	-1.130
0.662	48.974	36.189	5.346	4.022	1654.701	-1.127
0.663	48.986	36.189	5.378	4.014	1660.793	-1.127
0.665	48.986	36.164	5.378	4.022	1660.793	-1.128
0.666	48.974	36.171	5.395	4.005	1658.356	-1.127
0.668	48.999	36.195	5.403	4.005	1654.701	-1.127
0.670	48.992	36.201	5.403	4.005	1652.264	-1.127
0.671	48.999	36.171	5.428	4.022	1651.045	-1.128
0.673	48.999	36.177	5.419	4.014	1646.171	-1.127
0.674	49.011	36.213	5.428	4.014	1640.079	-1.127
0.676	49.005	36.201	5.436	4.014	1642.516	-1.129
0.677	49.005	36.171	5.444	4.022	1646.171	-1.127
0.679	49.005	36.195	5.460	4.014	1651.045	-1.128
0.680	49.011	36.213	5.460	4.022	1655.919	-1.127
0.682	49.011	36.195	5.468	4.022	1660.793	-1.125
0.684	49.011	36.177	5.468	4.022	1655.919	-1.127
0.685	49.011	36.207	5.468	4.022	1654.701	-1.127
0.687	49.011	36.225	5.485	4.022	1652.264	-1.127
0.688	49.011	36.195	5.501	4.030	1649.827	-1.127
0.690	49.017	36.183	5.493	4.014	1648.608	-1.127
0.691	49.047	36.207	5.501	4.014	1646.171	-1.127
0.693	49.029	36.195	5.493	4.022	1646.171	-1.125
0.694	49.023	36.164	5.501	4.022	1646.171	-1.124
0.696	49.035	36.183	5.493	4.014	1652.264	-1.125
0.697	49.035	36.207	5.501	4.014	1654.701	-1.127
0.699	49.029	36.219	5.501	4.022	1658.356	-1.127
0.701	49.035	36.183	5.493	4.005	1659.575	-1.125
0.702	49.023	36.195	5.501	4.022	1657.138	-1.128
0.704	49.005	36.219	5.518	4.014	1654.701	-1.125
0.705	49.017	36.189	5.509	4.022	1648.608	-1.128
0.707	49.029	36.164	5.509	4.014	1648.608	-1.128
0.708	49.029	36.201	5.526	4.014	1647.390	-1.125
0.710	49.017	36.219	5.534	4.014	1641.297	-1.127
0.711	49.023	36.225	5.534	4.005	1643.734	-1.125
0.713	49.017	36.189	5.542	4.005	1647.390	-1.128
0.715	49.017	36.207	5.542	4.022	1649.827	-1.124
0.716	49.017	36.231	5.550	4.022	1655.919	-1.127
0.718	49.017	36.213	5.550	4.022	1658.356	-1.128
0.719	49.017	36.201	5.550	4.014	1657.138	-1.127
0.721	49.017	36.213	5.559	4.022	1654.701	-1.124
0.722	49.035	36.207	5.567	4.022	1653.482	-1.128
0.724	49.017	36.183	5.559	4.022	1649.827	-1.125
0.725	49.017	36.195	5.583	4.014	1644.953	-1.128
0.727	49.005	36.213	5.591	4.014	1644.953	-1.127
0.728	49.017	36.225	5.583	4.022	1644.953	-1.127
0.730	49.005	36.189	5.591	4.014	1647.390	-1.127
0.732	48.962	36.201	5.583	4.030	1653.482	-1.125
0.733	48.974	36.225	5.591	4.014	1657.138	-1.125
0.735	49.005	36.231	5.600	4.022	1660.793	-1.125
0.736	48.992	36.201	5.608	4.014	1659.575	-1.125
0.738	49.017	36.213	5.616	4.022	1654.701	-1.127
0.739	49.011	36.244	5.616	4.038	1653.482	-1.127
0.741	49.005	36.219	5.624	4.014	1651.045	-1.127
0.742	49.017	36.195	5.624	4.014	1648.608	-1.128
0.744	49.005	36.213	5.624	4.030	1646.171	-1.125
0.746	49.005	36.231	5.632	4.030	1642.516	-1.124
0.747	49.011	36.219	5.632	4.022	1642.516	-1.127
0.749	48.992	36.195	5.632	4.014	1648.608	-1.125
0.750	48.999	36.225	5.649	4.014	1651.045	-1.129
0.752	49.011	36.238	5.649	4.014	1657.138	-1.127
0.753	49.005	36.231	5.649	4.022	1658.356	-1.127
0.755	48.999	36.213	5.657	4.022	1658.356	-1.124
0.756	48.999	36.225	5.657	4.014	1653.482	-1.128
0.758	49.005	36.231	5.657	4.014	1652.264	-1.127
0.759	48.992	36.195	5.657	4.005	1647.390	-1.127
0.761	48.992	36.201	5.673	4.030	1643.734	-1.127
0.763	48.999	36.238	5.673	4.022	1648.608	-1.125
0.764	48.999	36.225	5.673	4.014	1643.734	-1.128
0.766	48.999	36.183	5.673	4.022	1648.608	-1.125
0.767	48.999	36.207	5.690	4.014	1651.045	-1.128
0.769	48.999	36.231	5.673	4.022	1658.356	-1.125
0.770	48.986	36.231	5.681	4.030	1660.793	-1.125
0.772	48.992	36.207	5.698	4.022	1659.575	-1.127
0.773	48.999	36.225	5.698	4.022	1654.701	-1.127
0.775	48.986	36.250	5.698	4.014	1654.701	-1.125
0.777	48.986	36.244	5.714	4.022	1651.045	-1.127
0.778	48.980	36.213	5.714	4.014	1648.608	-1.124
0.780	48.986	36.244	5.714	4.014	1646.171	-1.124
0.781	48.986	36.256	5.722	4.014	1641.297	-1.127
0.783	48.999	36.231	5.722	4.022	1644.953	-1.127
0.784	48.986	36.213	5.722	4.022	1648.608	-1.127
0.786	48.992	36.244	5.731	4.014	1653.482	-1.123
0.787	48.992	36.256	5.731	4.014	1657.138	-1.125
0.789	48.980	36.213	5.739	4.014	1659.575	-1.127
0.790	48.992	36.219	5.739	4.014	1655.919	-1.127
0.792	48.974	36.238	5.747	4.022	1653.482	-1.125
0.794	48.974	36.231	5.747	4.014	1649.827	-1.129
0.795	48.974	36.207	5.755	4.014	1647.390	-1.127
0.797	48.974	36.213	5.763	4.014	1647.390	-1.128
0.798	48.980	36.231	5.755	4.022	1648.608	-1.128
0.800	48.980	36.231	5.763	4.014	1644.953	-1.128
0.801	48.968	36.195	5.755	4.022	1648.608	-1.128
0.803	48.974	36.213	5.772	4.014	1654.701	-1.127
0.804	48.974	36.244	5.772	4.014	1658.356	-1.127
0.806	48.968	36.231	5.772	4.022	1660.793	-1.125
0.808	48.968	36.207	5.772	4.022	1657.138	-1.125
0.809	48.974	36.225	5.788	4.014	1655.919	-1.125
0.811	48.974	36.250	5.780	4.014	1652.264	-1.125
0.812	48.968	36.225	5.788	4.014	1649.827	-1.127
0.814	48.974	36.201	5.788	4.014	1648.608	-1.125
0.815	48.968	36.231	5.804	4.030	1640.079	-1.127
0.817	48.962	36.250	5.796	4.022	1642.516	-1.127
0.818	48.968	36.231	5.788	4.014	1642.516	-1.127
0.820	48.962	36.213	5.804	4.005	1649.827	-1.125
0.821	48.974	36.244	5.796	4.014	1653.482	-1.125
0.823	48.962	36.244	5.812	4.014	1658.356	-1.128
0.825	48.950	36.213	5.804	4.014	1659.575	-1.128
0.826	48.962	36.213	5.821	4.014	1654.701	-1.128
0.828	48.962	36.256	5.821	4.022	1652.264	-1.127
0.829	48.956	36.250	5.829	4.030	1649.827	-1.128
0.831	48.962	36.207	5.829	4.014	1647.390	-1.128
0.832	48.956	36.219	5.829	4.014	1644.953	-1.127
0.834	48.950	36.244	5.837	4.022	1643.734	-1.129
0.835	48.962	36.256	5.853	4.022	1646.171	-1.127
0.837	48.950	36.231	5.837	4.014	1649.827	-1.125
0.839	48.944	36.195	5.845	4.022	1654.701	-1.125
0.840	48.956	36.189	5.845	4.005	1659.575	-1.127
0.842	48.956	36.213	5.845	4.005	1660.793	-1.128
0.843	48.956	36.238	5.853	4.022	1659.575	-1.125
0.845	48.950	36.244	5.862	4.022	1655.919	-1.128
0.846	48.950	36.225	5.862	4.014	1652.264	-1.128
0.848	48.950	36.231	5.862	4.014	1651.045	-1.128
0.849	48.944	36.244	5.862	4.014	1647.390	-1.127
0.851	48.950	36.231	5.870	4.022	1637.642	-1.127
0.852	48.938	36.219	5.878	4.014	1641.297	-1.127
0.854	48.950	36.244	5.870	4.014	1644.953	-1.128
0.856	48.938	36.256	5.886	4.014	1651.045	-1.127
0.857	48.938	36.256	5.878	4.014	1654.701	-1.128
0.859	48.938	36.231	5.878	4.022	1659.575	-1.128
0.860	48.944	36.250	5.878	4.014	1657.138	-1.127
0.862	48.944	36.244	5.886	4.005	1654.701	-1.125
0.863	48.932	36.207	5.894	4.014	1652.264	-1.128
0.865	48.938	36.225	5.894	4.022	1651.045	-1.127
0.866	48.932	36.256	5.894	4.030	1647.390	-1.128
0.868	48.938	36.250	5.903	4.014	1643.734	-1.128
0.870	48.932	36.225	5.903	4.022	1644.953	-1.125
0.871	48.932	36.231	5.903	4.022	1646.171	-1.128
0.873	48.932	36.256	5.911	4.014	1648.608	-1.127
0.874	48.938	36.250	5.911	4.014	1654.701	-1.128
0.876	48.932	36.213	5.903	4.014	1659.575	-1.125
0.877	48.932	36.244	5.911	4.014	1659.575	-1.127
0.879	48.926	36.268	5.919	4.014	1657.138	-1.125
0.880	48.932	36.250	5.911	4.014	1654.701	-1.127
0.882	48.926	36.219	5.935	4.022	1653.482	-1.128
0.883	48.926	36.250	5.927	4.014	1651.045	-1.127
0.885	48.926	36.262	5.935	4.005	1647.390	-1.127
0.887	48.926	36.250	5.944	4.022	1641.297	-1.127
0.888	48.919	36.225	5.935	4.022	1640.079	-1.129
0.890	48.919	36.244	5.935	4.022	1647.390	-1.127
0.891	48.926	36.256	5.935	4.030	1651.045	-1.128
0.893	48.919	36.219	5.952	4.022	1654.701	-1.128
0.894	48.919	36.219	5.944	4.014	1659.575	-1.128
0.896	48.919	36.250	5.952	4.022	1657.138	-1.128
0.897	48.926	36.262	5.952	4.014	1655.919	-1.127
0.899	48.944	36.231	5.952	4.014	1651.045	-1.128
0.901	48.932	36.238	5.935	4.022	1649.827	-1.127
0.902	48.938	36.256	5.935	4.022	1646.171	-1.129
0.904	48.938	36.244	5.927	4.022	1644.953	-1.129
0.905	48.944	36.213	5.919	4.014	1642.516	-1.125
0.907	48.938	36.225	5.927	4.014	1647.390	-1.128
0.908	48.938	36.250	5.911	4.014	1649.827	-1.128
0.910	48.938	36.250	5.911	4.014	1657.138	-1.129
0.911	48.938	36.219	5.911	4.014	1658.356	-1.128
0.913	48.938	36.195	5.911	4.014	1658.356	-1.128
0.914	48.944	36.195	5.911	4.014	1657.138	-1.127
0.916	48.938	36.225	5.894	4.022	1652.264	-1.129
0.918	48.932	36.238	5.911	4.014	1652.264	-1.127
0.919	48.932	36.219	5.903	4.014	1649.827	-1.128
0.921	48.919	36.195	5.894	4.014	1644.953	-1.129
0.922	48.895	36.213	5.911	4.022	1641.297	-1.129
0.924	48.901	36.244	5.911	4.014	1642.516	-1.127
0.925	48.926	36.231	5.903	4.005	1647.390	-1.127
0.927	48.919	36.201	5.919	4.022	1653.482	-1.129
0.928	48.932	36.171	5.911	4.005	1654.701	-1.129
0.930	48.926	36.189	5.911	4.005	1658.356	-1.129
0.932	48.913	36.219	5.919	4.014	1655.919	-1.127
0.933	48.919	36.225	5.927	4.014	1655.919	-1.129
0.935	48.919	36.201	5.935	4.014	1654.701	-1.127
0.936	48.907	36.201	5.935	4.014	1646.171	-1.129
0.938	48.919	36.231	5.935	4.014	1647.390	-1.127
0.939	48.913	36.238	5.944	4.022	1649.827	-1.129
0.941	48.913	36.201	5.952	4.014	1642.516	-1.129
0.942	48.907	36.219	5.944	4.014	1646.171	-1.128
0.944	48.913	36.250	5.952	4.022	1652.264	-1.127
0.945	48.907	36.238	5.960	4.014	1655.919	-1.127
0.947	48.895	36.213	5.960	4.014	1659.575	-1.129
0.949	48.907	36.225	5.968	4.005	1658.356	-1.125
0.950	48.913	36.238	5.968	4.014	1654.701	-1.128
0.952	48.913	36.201	5.960	4.014	1654.701	-1.125
0.953	48.913	36.201	5.968	4.014	1651.045	-1.128
0.955	48.913	36.219	5.968	4.014	1649.827	-1.128
0.956	48.889	36.244	5.968	4.014	1644.953	-1.128
0.958	48.895	36.213	5.976	4.014	1642.516	-1.127
0.959	48.901	36.201	5.976	4.014	1643.734	-1.127
0.961	48.907	36.231	5.968	4.014	1647.390	-1.127
0.963	48.895	36.231	5.985	4.014	1652.264	-1.128
0.964	48.907	36.201	5.993	4.005	1658.356	-1.127
0.966	48.901	36.164	5.993	4.014	1659.575	-1.124
0.967	48.895	36.164	5.993	4.014	1655.919	-1.128
0.969	48.901	36.195	6.001	4.014	1655.919	-1.125
0.970	48.907	36.207	5.985	4.014	1652.264	-1.128
0.972	48.901	36.213	6.001	4.014	1649.827	-1.127
0.973	48.895	36.177	6.001	4.014	1644.953	-1.128
0.975	48.901	36.189	6.017	4.014	1652.264	-1.127
0.976	48.889	36.219	6.009	4.014	1644.953	-1.127
0.978	48.907	36.201	6.009	4.014	1648.608	-1.127
0.980	48.895	36.189	6.009	4.014	1653.482	-1.125
0.981	48.889	36.207	6.001	4.014	1657.138	-1.128
0.983	48.895	36.225	6.025	4.014	1659.575	-1.127
0.984	48.901	36.207	6.034	4.014	1657.138	-1.129
0.986	48.895	36.201	6.017	4.014	1657.138	-1.128
0.987	48.889	36.219	6.025	4.022	1652.264	-1.128
0.989	48.895	36.213	6.025	4.014	1652.264	-1.127
0.990	48.889	36.164	6.034	4.014	1646.171	-1.128
0.992	48.895	36.189	6.025	4.014	1646.171	-1.127
0.994	48.889	36.207	6.042	4.030	1641.297	-1.125
0.995	48.889	36.219	6.034	4.014	1641.297	-1.127
0.997	48.883	36.183	6.034	4.014	1648.608	-1.127
0.998	48.889	36.158	6.042	4.014	1652.264	-1.129
1.000	48.889	36.152	6.042	4.014	1658.356	-1.127
1.001	48.883	36.164	6.058	4.014	1658.356	-1.130
1.003	48.889	36.207	6.042	4.005	1657.138	-1.129
1.004	48.877	36.201	6.058	4.014	1652.264	-1.128
1.006	48.889	36.171	6.050	4.022	1651.045	-1.128
1.007	48.889	36.195	6.066	4.022	1648.608	-1.127
1.009	48.889	36.213	6.066	4.014	1646.171	-1.128
1.011	48.670	36.213	6.066	4.014	1647.390	-1.128
1.012	2.454	36.195	6.017	4.022	1648.608	-1.123
