Time (ms)	Ch1 V	Ch2 V	Ch1 A	Ch2 A	RPM	Torque
0.000	-48.944	-36.359	-5.819	-3.956	1692.474	1.024
0.002	-48.956	-36.335	-5.819	-3.948	1690.037	1.019
0.003	-48.956	-36.304	-5.827	-3.948	1685.163	1.022
0.005	-48.962	-36.317	-5.835	-3.948	1682.726	1.023
0.006	-48.956	-36.353	-5.827	-3.948	1680.289	1.022
0.008	-48.938	-36.371	-5.827	-3.932	1677.852	1.021
0.009	-48.944	-36.353	-5.835	-3.948	1674.197	1.021
0.011	-48.950	-36.317	-5.835	-3.940	1675.415	1.022
0.012	-48.950	-36.317	-5.843	-3.948	1679.070	1.022
0.014	-48.950	-36.341	-5.851	-3.956	1685.163	1.023
0.015	-48.944	-36.371	-5.851	-3.948	1687.600	1.022
0.017	-48.944	-36.365	-5.851	-3.948	1690.037	1.021
0.019	-48.944	-36.341	-5.868	-3.948	1687.600	1.022
0.020	-48.944	-36.298	-5.851	-3.948	1686.381	1.022
0.022	-48.932	-36.323	-5.860	-3.948	1683.944	1.022
0.023	-48.938	-36.353	-5.868	-3.964	1681.507	1.019
0.025	-48.944	-36.384	-5.868	-3.956	1677.852	1.021
0.026	-48.944	-36.384	-5.860	-3.948	1682.726	1.021
0.028	-48.938	-36.359	-5.876	-3.948	1675.415	1.021
0.029	-48.944	-36.317	-5.876	-3.964	1680.289	1.021
0.031	-48.938	-36.353	-5.876	-3.948	1682.726	1.021
0.033	-48.950	-36.378	-5.884	-3.956	1690.037	1.019
0.034	-48.944	-36.402	-5.892	-3.964	1691.255	1.021
0.036	-48.938	-36.371	-5.884	-3.956	1688.818	1.021
0.037	-48.938	-36.359	-5.876	-3.956	1686.381	1.022
0.039	-48.944	-36.329	-5.892	-3.956	1683.944	1.022
0.040	-48.932	-36.365	-5.884	-3.948	1682.726	1.019
0.042	-48.932	-36.396	-5.901	-3.964	1679.070	1.022
0.043	-48.932	-36.420	-5.892	-3.956	1668.104	1.022
0.045	-48.932	-36.408	-5.892	-3.956	1671.760	1.021
0.046	-48.938	-36.378	-5.901	-3.956	1675.415	1.021
0.048	-48.938	-36.371	-5.892	-3.956	1680.289	1.021
0.050	-48.919	-36.390	-5.901	-3.948	1685.163	1.022
0.051	-48.932	-36.414	-5.909	-3.964	1690.037	1.023
0.053	-48.926	-36.408	-5.909	-3.956	1688.818	1.022
0.054	-48.932	-36.396	-5.917	-3.956	1686.381	1.019
0.056	-48.926	-36.353	-5.917	-3.964	1682.726	1.021
0.057	-48.919	-36.365	-5.917	-3.964	1680.289	1.022
0.059	-48.919	-36.396	-5.925	-3.948	1677.852	1.019
0.060	-48.932	-36.420	-5.925	-3.948	1676.634	1.019
0.062	-48.926	-36.408	-5.933	-3.948	1675.415	1.023
0.064	-48.919	-36.378	-5.917	-3.956	1677.852	1.019
0.065	-48.932	-36.341	-5.925	-3.948	1681.507	1.022
0.067	-48.926	-36.365	-5.941	-3.956	1687.600	1.021
0.068	-48.919	-36.378	-5.933	-3.956	1691.255	1.021
0.070	-48.913	-36.378	-5.941	-3.956	1691.255	1.021
0.071	-48.919	-36.347	-5.925	-3.948	1690.037	1.022
0.073	-48.913	-36.359	-5.941	-3.948	1685.163	1.023
0.074	-48.926	-36.378	-5.950	-3.940	1682.726	1.022
0.076	-48.926	-36.384	-5.950	-3.948	1679.070	1.021
0.077	-48.913	-36.347	-5.941	-3.940	1679.070	1.021
0.079	-48.913	-36.311	-5.950	-3.948	1672.978	1.021
0.081	-48.926	-36.311	-5.958	-3.948	1675.415	1.022
0.082	-48.913	-36.335	-5.941	-3.948	1680.289	1.021
0.084	-48.919	-36.359	-5.958	-3.956	1683.944	1.023
0.085	-48.913	-36.341	-5.974	-3.964	1688.818	1.022
0.087	-48.907	-36.323	-5.966	-3.948	1692.474	1.021
0.088	-48.913	-36.329	-5.974	-3.948	1688.818	1.023
0.090	-48.907	-36.353	-5.974	-3.940	1685.163	1.021
0.091	-48.919	-36.317	-5.966	-3.932	1681.507	1.022
0.093	-48.913	-36.268	-5.991	-3.948	1680.289	1.021
0.095	-48.913	-36.262	-5.974	-3.948	1676.634	1.019
0.096	-48.913	-36.286	-5.982	-3.948	1677.852	1.023
0.098	-48.907	-36.311	-5.974	-3.948	1677.852	1.022
0.099	-48.913	-36.317	-5.974	-3.940	1680.289	1.019
0.101	-48.907	-36.286	-5.982	-3.948	1686.381	1.022
0.102	-48.901	-36.244	-5.982	-3.940	1690.037	1.021
0.104	-48.913	-36.250	-5.991	-3.956	1690.037	1.019
0.105	-48.901	-36.274	-5.999	-3.948	1687.600	1.018
0.107	-48.907	-36.311	-5.999	-3.948	1686.381	1.022
0.108	-48.907	-36.292	-5.999	-3.948	1683.944	1.021
0.110	-48.901	-36.268	-5.999	-3.940	1679.070	1.021
0.112	-48.907	-36.225	-6.015	-3.940	1679.070	1.021
0.113	-48.901	-36.250	-6.015	-3.964	1671.760	1.023
0.115	-48.901	-36.286	-6.007	-3.948	1674.197	1.021
0.116	-48.913	-36.292	-6.023	-3.948	1679.070	1.022
0.118	-48.901	-36.274	-6.015	-3.948	1682.726	1.021
0.119	-48.895	-36.274	-6.015	-3.956	1685.163	1.021
0.121	-48.895	-36.311	-6.015	-3.932	1691.255	1.021
0.122	-48.907	-36.280	-6.015	-3.940	1686.381	1.021
0.124	-48.907	-36.250	-6.032	-3.940	1687.600	1.021
0.126	-48.901	-36.274	-6.023	-3.948	1685.163	1.021
0.127	-48.901	-36.298	-6.032	-3.948	1680.289	1.021
0.129	-48.889	-36.298	-6.023	-3.948	1680.289	1.022
0.130	-48.895	-36.256	-6.023	-3.948	1675.415	1.019
0.132	-48.901	-36.213	-6.023	-3.956	1674.197	1.022
0.133	-48.895	-36.231	-6.032	-3.940	1679.070	1.021
0.135	-48.895	-36.274	-6.032	-3.948	1682.726	1.021
0.136	-48.895	-36.298	-6.032	-3.948	1687.600	1.019
0.138	-48.895	-36.280	-6.023	-3.948	1690.037	1.021
0.139	-48.889	-36.262	-6.048	-3.948	1691.255	1.021
0.141	-48.895	-36.219	-6.040	-3.948	1687.600	1.019
0.143	-48.889	-36.250	-6.040	-3.948	1683.944	1.019
0.144	-48.895	-36.280	-6.048	-3.948	1680.289	1.021
0.146	-48.889	-36.280	-6.048	-3.956	1681.507	1.023
0.147	-48.895	-36.238	-6.056	-3.956	1677.852	1.022
0.149	-48.889	-36.262	-6.064	-3.940	1674.197	1.021
0.150	-48.889	-36.286	-6.056	-3.948	1675.415	1.021
0.152	-48.895	-36.262	-6.056	-3.948	1680.289	1.021
0.153	-48.889	-36.231	-6.073	-3.956	1682.726	1.021
0.155	-48.895	-36.262	-6.064	-3.948	1688.818	1.022
0.157	-48.901	-36.298	-6.056	-3.940	1688.818	1.021
0.158	-48.871	-36.268	-6.056	-3.956	1686.381	1.019
0.160	-48.895	-36.244	-6.056	-3.948	1683.944	1.021
0.161	-48.877	-36.201	-6.064	-3.964	1681.507	1.019
0.163	-17.577	-36.225	-6.032	-3.940	1677.852	1.018
0.164	-0.365	-36.262	-5.999	-3.940	1674.197	1.017
0.166	0.457	-36.274	-5.941	-3.948	1675.415	1.017
0.167	0.518	-36.238	-5.925	-3.948	1676.634	1.021
0.169	0.511	-36.201	-5.876	-3.964	1682.726	1.022
0.170	0.499	-36.195	-5.835	-3.956	1685.163	1.022
0.172	0.499	-36.225	-5.802	-3.940	1688.818	1.021
0.174	0.493	-36.250	-5.769	-3.948	1691.255	1.021
0.175	0.493	-36.231	-5.720	-3.956	1687.600	1.021
0.177	0.487	-36.207	-5.688	-3.956	1686.381	1.022
0.178	0.481	-36.238	-5.655	-3.948	1681.507	1.019
0.180	0.475	-36.262	-5.622	-3.948	1680.289	1.023
0.181	4.390	-36.207	-5.565	-3.940	1679.070	1.021
0.183	2.807	-36.183	-5.524	-3.940	1668.104	1.013
0.184	0.524	-36.146	-5.507	-3.948	1668.104	1.016
0.186	0.438	-36.189	-5.483	-3.948	1680.289	1.022
0.188	0.438	-36.219	-5.458	-3.948	1682.726	1.023
0.189	0.438	-36.231	-5.425	-3.956	1686.381	1.022
0.191	0.444	-36.195	-5.393	-3.956	1690.037	1.023
0.192	0.444	-36.207	-5.360	-3.948	1687.600	1.021
0.194	0.444	-36.238	-5.335	-3.948	1687.600	1.022
0.195	0.438	-36.219	-5.294	-3.940	1682.726	1.021
0.197	0.432	-36.177	-5.270	-3.948	1682.726	1.023
0.198	0.432	-36.122	-5.237	-3.956	1676.634	1.019
0.200	-18.034	-36.158	-5.262	-3.948	1691.255	1.028
0.201	-47.434	-36.195	-5.245	-3.948	1679.070	1.022
0.203	-48.919	-36.225	-5.245	-3.948	1676.634	1.018
0.205	-48.986	-36.195	-5.253	-3.948	1680.289	1.018
0.206	-48.992	-36.146	-5.262	-3.948	1687.600	1.019
0.208	-49.005	-36.110	-5.286	-3.948	1691.255	1.021
0.209	-49.005	-36.171	-5.294	-3.948	1690.037	1.022
0.211	-49.017	-36.195	-5.303	-3.940	1688.818	1.021
0.212	-49.017	-36.201	-5.311	-3.948	1682.726	1.021
0.214	-49.017	-36.164	-5.327	-3.948	1682.726	1.021
0.215	-49.011	-36.128	-5.344	-3.948	1680.289	1.019
0.217	-49.011	-36.128	-5.335	-3.948	1672.978	1.022
0.219	-49.023	-36.177	-5.344	-3.940	1672.978	1.019
0.220	-49.029	-36.195	-5.360	-3.940	1675.415	1.022
0.222	-49.023	-36.183	-5.352	-3.948	1680.289	1.021
0.223	-49.023	-36.140	-5.368	-3.956	1686.381	1.019
0.225	-49.029	-36.104	-5.360	-3.948	1688.818	1.019
0.226	-49.029	-36.140	-5.368	-3.948	1690.037	1.019
0.228	-49.035	-36.189	-5.384	-3.956	1686.381	1.019
0.229	-49.029	-36.195	-5.376	-3.956	1683.944	1.017
0.231	-49.029	-36.164	-5.384	-3.940	1680.289	1.019
0.232	-49.041	-36.104	-5.401	-3.948	1676.634	1.019
0.234	-49.023	-36.116	-5.409	-3.948	1676.634	1.019
0.236	-49.035	-36.158	-5.409	-3.956	1677.852	1.019
0.237	-49.041	-36.177	-5.409	-3.956	1677.852	1.018
0.239	-49.029	-36.134	-5.409	-3.956	1681.507	1.017
0.240	-49.035	-36.134	-5.425	-3.956	1685.163	1.018
0.242	-49.041	-36.177	-5.425	-3.956	1690.037	1.018
0.243	-49.035	-36.183	-5.425	-3.956	1691.255	1.018
0.245	-49.035	-36.122	-5.442	-3.956	1687.600	1.021
0.246	-49.041	-36.061	-5.450	-3.956	1686.381	1.019
0.248	-49.035	-36.085	-5.442	-3.964	1681.507	1.018
0.250	-49.029	-36.140	-5.450	-3.956	1680.289	1.019
0.251	-49.035	-36.091	-5.450	-3.956	1676.634	1.017
0.253	-49.035	-36.037	-5.458	-3.964	1675.415	1.019
0.254	-49.035	-35.976	-5.458	-3.964	1674.197	1.018
0.256	-49.041	-36.018	-5.483	-3.964	1676.634	1.017
0.257	-49.035	-36.055	-5.483	-3.948	1682.726	1.018
0.259	-49.035	-36.122	-5.475	-3.956	1687.600	1.018
0.260	-49.029	-36.164	-5.466	-3.964	1691.255	1.019
0.262	-49.041	-36.201	-5.483	-3.964	1687.600	1.018
0.263	-49.035	-36.262	-5.499	-3.948	1686.381	1.018
0.265	-49.029	-36.286	-5.483	-3.948	1682.726	1.019
0.267	-49.035	-36.323	-5.491	-3.956	1677.852	1.017
0.268	-49.029	-36.353	-5.499	-3.964	1675.415	1.019
0.270	-49.035	-36.378	-5.499	-3.956	1683.944	1.017
0.271	-49.029	-36.408	-5.507	-3.973	1675.415	1.017
0.273	-48.999	-36.438	-5.516	-3.973	1677.852	1.018
0.274	-48.986	-36.451	-5.507	-3.964	1683.944	1.016
0.276	-49.023	-36.481	-5.516	-3.948	1688.818	1.017
0.277	-49.023	-36.499	-5.516	-3.956	1692.474	1.018
0.279	-49.023	-36.511	-5.540	-3.973	1690.037	1.018
0.281	-49.029	-36.536	-5.532	-3.956	1686.381	1.017
0.282	-49.023	-36.548	-5.540	-3.956	1681.507	1.017
0.284	-49.029	-36.560	-5.540	-3.956	1681.507	1.017
0.285	-49.017	-36.585	-5.548	-3.964	1679.070	1.017
0.287	-49.023	-36.585	-5.548	-3.956	1670.541	1.018
0.288	-49.017	-36.597	-5.548	-3.948	1671.760	1.017
0.290	-49.011	-36.609	-5.548	-3.964	1676.634	1.018
0.291	-49.023	-36.621	-5.548	-3.964	1680.289	1.018
0.293	-49.017	-36.621	-5.565	-3.948	1683.944	1.018
0.294	-49.047	-36.639	-5.565	-3.964	1688.818	1.018
0.296	-49.017	-36.633	-5.556	-3.964	1687.600	1.018
0.298	-49.017	-36.645	-5.565	-3.948	1685.163	1.017
0.299	-49.017	-36.627	-5.565	-3.964	1682.726	1.018
0.301	-49.023	-36.560	-5.573	-3.964	1681.507	1.018
0.302	-49.023	-36.481	-5.573	-3.940	1679.070	1.018
0.304	-49.023	-36.487	-5.581	-3.956	1674.197	1.017
0.305	-49.023	-36.499	-5.597	-3.964	1674.197	1.016
0.307	-49.017	-36.524	-5.597	-3.964	1676.634	1.018
0.308	-49.017	-36.511	-5.606	-3.948	1679.070	1.016
0.310	-49.011	-36.463	-5.606	-3.956	1686.381	1.017
0.312	-49.011	-36.402	-5.606	-3.964	1688.818	1.018
0.313	-49.011	-36.420	-5.614	-3.948	1690.037	1.016
0.315	-49.011	-36.438	-5.606	-3.956	1688.818	1.019
0.316	-49.005	-36.463	-5.614	-3.956	1686.381	1.016
0.318	-49.017	-36.481	-5.614	-3.956	1682.726	1.016
0.319	-49.011	-36.445	-5.614	-3.948	1677.852	1.015
0.321	-49.011	-36.402	-5.622	-3.956	1676.634	1.016
0.322	-49.005	-36.420	-5.622	-3.964	1672.978	1.016
0.324	-49.011	-36.438	-5.622	-3.956	1674.197	1.016
0.325	-49.011	-36.463	-5.622	-3.964	1680.289	1.018
0.327	-49.005	-36.445	-5.638	-3.964	1682.726	1.018
0.329	-48.992	-36.408	-5.638	-3.956	1687.600	1.017
0.330	-49.029	-36.365	-5.647	-3.956	1690.037	1.016
0.332	-49.017	-36.390	-5.638	-3.964	1687.600	1.017
0.333	-48.986	-36.426	-5.622	-3.956	1685.163	1.018
0.335	-49.017	-36.420	-5.638	-3.964	1683.944	1.018
0.336	-48.999	-36.384	-5.630	-3.956	1679.070	1.015
0.338	-48.999	-36.396	-5.638	-3.948	1676.634	1.018
0.339	-48.999	-36.426	-5.630	-3.964	1683.944	1.016
0.341	-48.999	-36.408	-5.638	-3.948	1676.634	1.017
0.343	-48.999	-36.371	-5.630	-3.964	1680.289	1.017
0.344	-48.999	-36.323	-5.655	-3.973	1683.944	1.017
0.346	-48.999	-36.353	-5.647	-3.964	1686.381	1.019
0.347	-48.986	-36.371	-5.647	-3.956	1691.255	1.016
0.349	-48.999	-36.408	-5.663	-3.964	1688.818	1.017
0.350	-48.999	-36.378	-5.647	-3.964	1685.163	1.015
0.352	-48.999	-36.335	-5.655	-3.956	1685.163	1.017
0.353	-48.992	-36.311	-5.671	-3.964	1679.070	1.016
0.355	-48.999	-36.335	-5.663	-3.956	1679.070	1.017
0.356	-48.999	-36.378	-5.663	-3.964	1668.104	1.017
0.358	-48.999	-36.378	-5.679	-3.948	1672.978	1.017
0.360	-48.992	-36.341	-5.679	-3.956	1676.634	1.016
0.361	-48.992	-36.286	-5.679	-3.956	1681.507	1.017
0.363	-48.992	-36.304	-5.679	-3.964	1685.163	1.018
0.364	-48.980	-36.341	-5.688	-3.956	1691.255	1.016
0.366	-48.986	-36.353	-5.679	-3.973	1690.037	1.018
0.367	-48.986	-36.323	-5.688	-3.964	1686.381	1.016
0.369	-48.986	-36.298	-5.704	-3.973	1682.726	1.018
0.370	-48.986	-36.262	-5.704	-3.964	1680.289	1.017
0.372	-48.980	-36.292	-5.696	-3.981	1679.070	1.018
0.374	-48.986	-36.335	-5.704	-3.956	1674.197	1.017
0.375	-48.980	-36.353	-5.696	-3.964	1672.978	1.017
0.377	-48.980	-36.304	-5.712	-3.956	1677.852	1.017
0.378	-48.974	-36.244	-5.720	-3.956	1681.507	1.017
0.380	-48.986	-36.256	-5.704	-3.956	1686.381	1.017
0.381	-48.980	-36.286	-5.712	-3.964	1690.037	1.017
0.383	-48.974	-36.329	-5.720	-3.964	1691.255	1.018
0.384	-48.986	-36.317	-5.729	-3.964	1687.600	1.017
0.386	-48.974	-36.286	-5.729	-3.964	1685.163	1.016
0.387	-48.980	-36.238	-5.729	-3.964	1682.726	1.017
0.389	-48.974	-36.268	-5.737	-3.964	1680.289	1.018
0.391	-48.974	-36.304	-5.737	-3.973	1677.852	1.019
0.392	-48.974	-36.311	-5.745	-3.956	1675.415	1.018
0.394	-48.974	-36.250	-5.737	-3.981	1674.197	1.019
0.395	-48.968	-36.286	-5.745	-3.956	1677.852	1.019
0.397	-48.974	-36.304	-5.753	-3.973	1683.944	1.017
0.398	-48.974	-36.274	-5.745	-3.956	1687.600	1.017
0.400	-48.968	-36.244	-5.753	-3.973	1690.037	1.017
0.401	-48.968	-36.280	-5.753	-3.973	1686.381	1.018
0.403	-48.968	-36.317	-5.761	-3.973	1685.163	1.017
0.405	-48.962	-36.280	-5.778	-3.964	1681.507	1.015
0.406	-48.962	-36.250	-5.769	-3.973	1681.507	1.017
0.408	-48.962	-36.292	-5.769	-3.956	1677.852	1.016
0.409	-48.962	-36.298	-5.761	-3.964	1680.289	1.017
0.411	-48.962	-36.244	-5.778	-3.973	1675.415	1.016
0.412	-48.968	-36.225	-5.778	-3.973	1679.070	1.015
0.414	-48.968	-36.201	-5.794	-3.964	1685.163	1.017
0.415	-48.962	-36.244	-5.786	-3.964	1686.381	1.017
0.417	-48.962	-36.286	-5.786	-3.973	1691.255	1.017
0.418	-48.968	-36.298	-5.778	-3.964	1687.600	1.015
0.420	-48.962	-36.256	-5.786	-3.964	1687.600	1.015
0.422	-48.962	-36.195	-5.794	-3.973	1683.944	1.017
0.423	-48.950	-36.213	-5.810	-3.973	1679.070	1.017
0.425	-48.956	-36.262	-5.794	-3.964	1677.852	1.015
0.426	-48.950	-36.311	-5.802	-3.964	1672.978	1.013
0.428	-48.950	-36.286	-5.802	-3.964	1672.978	1.016
0.429	-48.950	-36.244	-5.802	-3.973	1675.415	1.017
0.431	-48.950	-36.201	-5.819	-3.973	1681.507	1.018
0.432	-48.950	-36.238	-5.810	-3.964	1686.381	1.016
0.434	-48.950	-36.274	-5.802	-3.964	1691.255	1.017
0.436	-48.950	-36.304	-5.819	-3.964	1686.381	1.015
0.437	-48.950	-36.274	-5.827	-3.964	1685.163	1.017
0.439	-48.944	-36.238	-5.827	-3.973	1682.726	1.017
0.440	-48.956	-36.207	-5.819	-3.973	1680.289	1.017
0.442	-48.956	-36.256	-5.827	-3.973	1677.852	1.015
0.443	-48.950	-36.304	-5.835	-3.973	1672.978	1.015
0.445	-48.950	-36.292	-5.835	-3.964	1674.197	1.015
0.446	-48.944	-36.256	-5.843	-3.981	1676.634	1.015
0.448	-48.950	-36.213	-5.843	-3.973	1682.726	1.013
0.449	-48.944	-36.231	-5.843	-3.964	1686.381	1.016
0.451	-48.944	-36.274	-5.843	-3.964	1692.474	1.013
0.453	-48.944	-36.311	-5.860	-3.964	1688.818	1.013
0.454	-48.944	-36.280	-5.843	-3.973	1685.163	1.016
0.456	-48.938	-36.244	-5.851	-3.964	1683.944	1.016
0.457	-48.938	-36.201	-5.843	-3.973	1681.507	1.016
0.459	-48.938	-36.238	-5.868	-3.964	1680.289	1.016
0.460	-48.938	-36.292	-5.860	-3.973	1675.415	1.015
0.462	-48.938	-36.304	-5.843	-3.973	1672.978	1.017
0.463	-48.938	-36.274	-5.860	-3.964	1675.415	1.015
0.465	-48.938	-36.225	-5.868	-3.973	1679.070	1.016
0.467	-48.926	-36.219	-5.884	-3.981	1685.163	1.016
0.468	-48.932	-36.262	-5.868	-3.964	1688.818	1.017
0.470	-48.938	-36.311	-5.876	-3.964	1688.818	1.018
0.471	-48.932	-36.311	-5.868	-3.964	1687.600	1.015
0.473	-48.926	-36.219	-5.876	-3.964	1685.163	1.015
0.474	-48.938	-36.140	-5.892	-3.964	1681.507	1.016
0.476	-48.932	-36.116	-5.892	-3.940	1679.070	1.016
0.477	-48.938	-36.158	-5.884	-3.964	1675.415	1.015
0.479	-48.938	-36.177	-5.892	-3.940	1676.634	1.016
0.480	-48.932	-36.146	-5.892	-3.948	1676.634	1.016
0.482	-48.932	-36.097	-5.884	-3.956	1680.289	1.016
0.484	-48.926	-36.055	-5.901	-3.956	1685.163	1.016
0.485	-48.926	-36.085	-5.901	-3.948	1690.037	1.015
0.487	-48.919	-36.128	-5.901	-3.956	1690.037	1.013
0.488	-48.926	-36.110	-5.909	-3.948	1687.600	1.016
0.490	-48.926	-36.061	-5.901	-3.956	1685.163	1.016
0.491	-48.926	-36.097	-5.909	-3.948	1682.726	1.015
0.493	-48.926	-36.128	-5.917	-3.964	1679.070	1.017
0.494	-48.932	-36.097	-5.925	-3.948	1676.634	1.013
0.496	-48.919	-36.061	-5.917	-3.948	1674.197	1.017
0.498	-48.913	-36.006	-5.917	-3.956	1672.978	1.016
0.499	-48.913	-36.043	-5.925	-3.956	1676.634	1.017
0.501	-48.913	-36.097	-5.933	-3.956	1682.726	1.016
0.502	-48.919	-36.128	-5.933	-3.948	1686.381	1.016
0.504	-48.919	-36.097	-5.941	-3.948	1688.818	1.015
0.505	-48.919	-36.079	-5.933	-3.948	1687.600	1.015
0.507	-48.901	-36.122	-5.933	-3.948	1686.381	1.017
0.508	-48.926	-36.122	-5.933	-3.948	1682.726	1.016
0.510	-48.926	-36.073	-5.941	-3.956	1680.289	1.015
0.511	-48.913	-36.097	-5.950	-3.948	1676.634	1.015
0.513	-48.913	-36.146	-5.941	-3.956	1679.070	1.015
0.515	-48.919	-36.152	-5.958	-3.964	1675.415	1.015
0.516	-48.913	-36.122	-5.950	-3.973	1677.852	1.016
0.518	-48.907	-36.061	-5.950	-3.956	1682.726	1.015
0.519	-48.907	-36.079	-5.958	-3.956	1686.381	1.015
0.521	-48.919	-36.128	-5.966	-3.948	1691.255	1.016
0.522	-48.907	-36.152	-5.966	-3.973	1688.818	1.017
0.524	-48.913	-36.128	-5.966	-3.956	1687.600	1.016
0.525	-48.907	-36.085	-5.974	-3.948	1682.726	1.015
0.527	-48.913	-36.049	-5.966	-3.964	1681.507	1.016
0.529	-48.913	-36.104	-5.982	-3.964	1677.852	1.015
0.530	-48.913	-36.146	-5.974	-3.956	1672.978	1.013
0.532	-48.913	-36.164	-5.982	-3.956	1672.978	1.017
0.533	-48.907	-36.128	-5.982	-3.956	1674.197	1.015
0.535	-48.907	-36.097	-5.991	-3.956	1679.070	1.016
0.536	-48.907	-36.085	-5.991	-3.964	1683.944	1.015
0.538	-48.895	-36.146	-5.974	-3.956	1688.818	1.016
0.539	-48.907	-36.177	-5.999	-3.956	1688.818	1.015
0.541	-48.919	-36.177	-5.999	-3.964	1687.600	1.015
0.542	-48.907	-36.140	-5.999	-3.964	1682.726	1.016
0.544	-48.907	-36.085	-5.999	-3.948	1680.289	1.016
0.546	-48.901	-36.122	-6.007	-3.956	1677.852	1.018
0.547	-48.907	-36.164	-5.999	-3.973	1675.415	1.013
0.549	-48.901	-36.213	-6.007	-3.964	1674.197	1.016
0.550	-48.901	-36.219	-6.007	-3.973	1674.197	1.013
0.552	-48.901	-36.177	-6.007	-3.964	1680.289	1.015
0.553	-48.895	-36.134	-6.007	-3.973	1683.944	1.015
0.555	-48.895	-36.164	-6.007	-3.964	1690.037	1.016
0.556	-48.834	-36.207	-6.032	-3.964	1690.037	1.013
0.558	-2.685	-36.213	-5.982	-3.964	1690.037	1.019
0.560	0.359	-36.183	-5.941	-3.964	1687.600	1.019
0.561	0.499	-36.140	-5.884	-3.964	1680.289	1.016
0.563	0.511	-36.152	-5.851	-3.973	1679.070	1.013
0.564	0.499	-36.195	-5.802	-3.956	1675.415	1.015
0.566	0.493	-36.231	-5.778	-3.956	1674.197	1.015
0.567	0.499	-36.231	-5.745	-3.973	1670.541	1.013
0.569	0.487	-36.195	-5.720	-3.964	1677.852	1.015
0.570	0.487	-36.213	-5.679	-3.973	1680.289	1.015
0.572	0.487	-36.256	-5.647	-3.973	1687.600	1.015
0.573	0.487	-36.244	-5.597	-3.973	1692.474	1.015
0.575	0.481	-36.213	-5.573	-3.956	1687.600	1.016
0.577	9.187	-36.158	-5.532	-3.964	1696.129	1.027
0.578	0.816	-36.213	-5.499	-3.973	1685.163	1.021
0.580	0.432	-36.244	-5.466	-3.973	1680.289	1.018
0.581	0.432	-36.280	-5.425	-3.964	1672.978	1.010
0.583	0.438	-36.238	-5.409	-3.964	1677.852	1.013
0.584	0.444	-36.231	-5.368	-3.964	1674.197	1.013
0.586	0.432	-36.274	-5.352	-3.973	1680.289	1.015
0.587	0.438	-36.274	-5.319	-3.973	1681.507	1.012
0.589	0.426	-36.231	-5.278	-3.964	1688.818	1.012
0.591	0.426	-36.195	-5.245	-3.973	1688.818	1.013
0.592	0.426	-36.201	-5.212	-3.973	1688.818	1.016
0.594	0.469	-36.262	-5.204	-3.973	1686.381	1.013
0.595	-43.330	-36.304	-5.196	-3.964	1680.289	1.007
0.597	-48.767	-36.317	-5.212	-3.981	1682.726	1.015
0.598	-48.968	-36.280	-5.245	-3.973	1679.070	1.017
0.600	-48.999	-36.231	-5.237	-3.964	1670.541	1.015
0.601	-48.999	-36.256	-5.262	-3.964	1669.323	1.011
0.603	-49.017	-36.298	-5.278	-3.973	1675.415	1.012
0.604	-49.023	-36.335	-5.286	-3.981	1680.289	1.015
0.606	-49.017	-36.317	-5.286	-3.973	1683.944	1.013
0.608	-49.023	-36.268	-5.303	-3.973	1687.600	1.013
0.609	-49.029	-36.231	-5.303	-3.981	1687.600	1.012
0.611	-49.029	-36.286	-5.311	-3.973	1682.726	1.013
0.612	-49.029	-36.323	-5.303	-3.964	1682.726	1.012
0.614	-49.041	-36.341	-5.327	-3.973	1681.507	1.012
0.615	-49.035	-36.311	-5.344	-3.973	1676.634	1.012
0.617	-49.041	-36.262	-5.335	-3.981	1676.634	1.013
0.618	-49.041	-36.268	-5.335	-3.981	1671.760	1.011
0.620	-49.047	-36.317	-5.344	-3.964	1676.634	1.011
0.622	-49.053	-36.359	-5.352	-3.981	1680.289	1.008
0.623	-49.041	-36.359	-5.368	-3.973	1685.163	1.012
0.625	-49.041	-36.311	-5.368	-3.981	1688.818	1.011
0.626	-49.053	-36.280	-5.360	-3.981	1688.818	1.010
0.628	-49.047	-36.292	-5.384	-3.973	1688.818	1.012
0.629	-49.047	-36.335	-5.384	-3.973	1683.944	1.010
0.631	-49.047	-36.390	-5.384	-3.989	1682.726	1.010
0.632	-49.047	-36.384	-5.384	-3.981	1677.852	1.012
0.634	-49.047	-36.341	-5.401	-3.973	1675.415	1.013
0.635	-49.053	-36.329	-5.401	-3.981	1672.978	1.010
0.637	-49.053	-36.347	-5.401	-3.973	1675.415	1.012
0.639	-49.053	-36.384	-5.417	-3.973	1676.634	1.012
0.640	-49.059	-36.420	-5.409	-3.981	1682.726	1.011
0.642	-49.047	-36.402	-5.425	-3.981	1688.818	1.010
0.643	-49.053	-36.353	-5.425	-3.981	1687.600	1.010
0.645	-49.047	-36.335	-5.434	-3.981	1687.600	1.011
0.646	-49.047	-36.378	-5.434	-3.989	1683.944	1.011
0.648	-49.041	-36.414	-5.442	-3.973	1680.289	1.012
0.649	-49.053	-36.408	-5.442	-3.981	1679.070	1.008
0.651	-49.066	-36.365	-5.450	-3.981	1677.852	1.010
0.653	-49.053	-36.396	-5.458	-3.973	1681.507	1.008
0.654	-49.041	-36.432	-5.450	-3.973	1674.197	1.011
0.656	-49.053	-36.408	-5.458	-3.981	1679.070	1.010
0.657	-49.041	-36.371	-5.458	-3.989	1682.726	1.011
0.659	-49.053	-36.329	-5.466	-3.981	1687.600	1.010
0.660	-49.047	-36.365	-5.466	-3.981	1688.818	1.008
0.662	-49.053	-36.414	-5.475	-3.973	1688.818	1.012
0.663	-49.047	-36.451	-5.475	-3.981	1685.163	1.011
0.665	-49.041	-36.426	-5.483	-3.981	1685.163	1.013
0.666	-49.029	-36.384	-5.491	-3.973	1679.070	1.011
0.668	-48.992	-36.347	-5.483	-3.981	1676.634	1.012
0.670	-49.023	-36.402	-5.499	-3.981	1668.104	1.011
0.671	-49.029	-36.438	-5.491	-3.989	1672.978	1.010
0.673	-49.035	-36.451	-5.507	-3.989	1675.415	1.012
0.674	-49.041	-36.414	-5.516	-3.981	1679.070	1.011
0.676	-49.035	-36.365	-5.516	-3.989	1685.163	1.012
0.677	-49.035	-36.378	-5.507	-3.989	1688.818	1.011
0.679	-49.035	-36.426	-5.524	-3.989	1690.037	1.011
0.680	-49.041	-36.457	-5.516	-3.981	1683.944	1.012
0.682	-49.041	-36.469	-5.524	-3.989	1682.726	1.011
0.684	-49.035	-36.432	-5.532	-3.973	1679.070	1.010
0.685	-49.035	-36.384	-5.540	-3.981	1676.634	1.012
0.687	-49.035	-36.414	-5.548	-3.989	1675.415	1.011
0.688	-49.023	-36.457	-5.532	-3.981	1674.197	1.010
0.690	-49.035	-36.505	-5.548	-3.981	1676.634	1.010
0.691	-49.029	-36.475	-5.548	-3.981	1681.507	1.010
0.693	-49.023	-36.445	-5.556	-3.981	1686.381	1.010
0.694	-49.029	-36.414	-5.556	-3.989	1690.037	1.011
0.696	-49.029	-36.451	-5.565	-3.981	1688.818	1.011
0.697	-49.029	-36.493	-5.556	-3.981	1686.381	1.011
0.699	-49.035	-36.487	-5.565	-3.981	1683.944	1.010
0.701	-49.023	-36.451	-5.573	-3.981	1682.726	1.011
0.702	-49.029	-36.481	-5.565	-3.973	1677.852	1.011
0.704	-49.017	-36.511	-5.581	-3.981	1676.634	1.011
0.705	-49.029	-36.505	-5.581	-3.981	1674.197	1.011
0.707	-49.029	-36.469	-5.581	-3.989	1674.197	1.011
0.708	-49.023	-36.420	-5.589	-3.989	1677.852	1.011
0.710	-49.023	-36.463	-5.589	-3.989	1683.944	1.011
0.711	-49.017	-36.487	-5.597	-3.989	1686.381	1.013
0.713	-49.023	-36.536	-5.597	-3.981	1688.818	1.013
0.715	-49.017	-36.524	-5.597	-3.981	1686.381	1.012
0.716	-49.023	-36.505	-5.606	-3.989	1682.726	1.012
0.718	-49.029	-36.445	-5.614	-3.997	1680.289	1.012
0.719	-49.017	-36.481	-5.614	-3.989	1679.070	1.010
0.721	-49.017	-36.518	-5.614	-3.981	1676.634	1.013
0.722	-49.017	-36.560	-5.614	-3.989	1676.634	1.011
0.724	-49.023	-36.536	-5.614	-3.997	1675.415	1.013
0.725	-49.011	-36.487	-5.638	-3.989	1679.070	1.011
0.727	-49.005	-36.469	-5.630	-3.981	1685.163	1.012
0.728	-49.005	-36.505	-5.630	-3.981	1687.600	1.013
0.730	-49.005	-36.542	-5.638	-3.989	1691.255	1.012
0.732	-49.011	-36.560	-5.638	-3.981	1686.381	1.011
0.733	-49.005	-36.536	-5.647	-3.981	1683.944	1.010
0.735	-49.005	-36.487	-5.647	-3.981	1682.726	1.012
0.736	-48.999	-36.505	-5.663	-3.981	1679.070	1.011
0.738	-49.011	-36.536	-5.663	-3.989	1679.070	1.015
0.739	-49.005	-36.572	-5.655	-3.989	1671.760	1.011
0.741	-49.005	-36.554	-5.655	-3.997	1672.978	1.012
0.742	-49.005	-36.524	-5.671	-3.989	1676.634	1.012
0.744	-48.999	-36.481	-5.671	-3.989	1682.726	1.013
0.746	-48.999	-36.518	-5.671	-3.997	1686.381	1.013
0.747	-49.005	-36.548	-5.671	-3.989	1690.037	1.013
0.749	-49.005	-36.591	-5.679	-3.989	1687.600	1.013
0.750	-49.005	-36.578	-5.679	-3.989	1685.163	1.012
0.752	-49.005	-36.548	-5.688	-3.989	1682.726	1.011
0.753	-48.986	-36.511	-5.688	-3.997	1679.070	1.011
0.755	-48.999	-36.548	-5.704	-3.989	1676.634	1.011
0.756	-48.992	-36.578	-5.712	-3.997	1676.634	1.012
0.758	-48.992	-36.597	-5.704	-3.989	1675.415	1.011
0.759	-48.992	-36.572	-5.696	-3.981	1677.852	1.013
0.761	-48.992	-36.542	-5.712	-3.997	1682.726	1.011
0.763	-48.986	-36.524	-5.720	-3.997	1686.381	1.013
0.764	-48.992	-36.560	-5.712	-4.005	1691.255	1.012
0.766	-48.986	-36.603	-5.712	-3.997	1690.037	1.013
0.767	-48.992	-36.609	-5.720	-3.989	1685.163	1.012
0.769	-48.986	-36.572	-5.737	-3.981	1682.726	1.015
0.770	-48.980	-36.524	-5.737	-3.997	1680.289	1.013
0.772	-48.980	-36.548	-5.729	-3.997	1677.852	1.012
0.773	-48.980	-36.585	-5.737	-3.989	1674.197	1.012
0.775	-48.986	-36.621	-5.737	-3.989	1671.760	1.013
0.777	-48.986	-36.603	-5.753	-3.997	1674.197	1.012
0.778	-48.974	-36.572	-5.737	-3.997	1677.852	1.013
0.780	-48.980	-36.536	-5.753	-3.989	1685.163	1.015
0.781	-48.980	-36.566	-5.753	-3.997	1688.818	1.012
0.783	-48.980	-36.603	-5.761	-3.981	1690.037	1.013
0.784	-48.980	-36.621	-5.769	-3.997	1686.381	1.012
0.786	-48.974	-36.578	-5.769	-3.981	1682.726	1.012
0.787	-48.968	-36.591	-5.761	-3.989	1680.289	1.011
0.789	-48.974	-36.633	-5.769	-3.989	1677.852	1.012
0.790	-48.968	-36.627	-5.769	-3.989	1676.634	1.013
0.792	-48.968	-36.591	-5.778	-3.989	1675.415	1.012
0.794	-48.974	-36.615	-5.786	-3.989	1675.415	1.012
0.795	-48.974	-36.645	-5.778	-3.989	1680.289	1.012
0.797	-48.974	-36.639	-5.786	-3.997	1686.381	1.012
0.798	-48.956	-36.597	-5.786	-3.989	1687.600	1.011
0.800	-48.968	-36.633	-5.802	-3.989	1692.474	1.013
0.801	-48.974	-36.652	-5.794	-3.997	1687.600	1.011
0.803	-48.962	-36.597	-5.802	-3.997	1686.381	1.013
0.804	-48.962	-36.597	-5.794	-3.997	1681.507	1.013
0.806	-48.968	-36.639	-5.802	-3.989	1679.070	1.013
0.808	-48.956	-36.664	-5.802	-3.981	1676.634	1.012
0.809	-48.956	-36.633	-5.827	-3.997	1671.760	1.012
0.811	-48.962	-36.585	-5.827	-4.005	1674.197	1.016
0.812	-48.956	-36.578	-5.819	-3.989	1676.634	1.012
0.814	-48.962	-36.603	-5.835	-3.997	1682.726	1.015
0.815	-48.956	-36.639	-5.835	-4.005	1686.381	1.013
0.817	-48.956	-36.658	-5.827	-3.997	1690.037	1.015
0.818	-48.956	-36.633	-5.835	-4.005	1685.163	1.012
0.820	-48.956	-36.639	-5.843	-3.989	1685.163	1.013
0.821	-48.950	-36.676	-5.843	-3.981	1681.507	1.012
0.823	-48.956	-36.664	-5.835	-3.989	1680.289	1.013
0.825	-48.950	-36.633	-5.835	-3.997	1676.634	1.013
0.826	-48.950	-36.670	-5.851	-3.997	1677.852	1.010
0.828	-48.950	-36.694	-5.868	-3.989	1674.197	1.015
0.829	-48.944	-36.670	-5.860	-3.997	1676.634	1.013
0.831	-48.950	-36.658	-5.868	-3.997	1682.726	1.012
0.832	-48.944	-36.676	-5.860	-4.005	1686.381	1.011
0.834	-48.950	-36.706	-5.868	-3.989	1690.037	1.013
0.835	-48.944	-36.676	-5.860	-3.997	1688.818	1.012
0.837	-48.944	-36.664	-5.868	-3.997	1686.381	1.012
0.839	-48.950	-36.694	-5.884	-3.997	1683.944	1.011
0.840	-48.950	-36.718	-5.868	-3.997	1681.507	1.012
0.842	-48.938	-36.676	-5.892	-3.997	1679.070	1.013
0.843	-48.938	-36.639	-5.892	-3.997	1671.760	1.012
0.845	-48.938	-36.627	-5.884	-4.005	1671.760	1.015
0.846	-48.938	-36.670	-5.884	-4.005	1674.197	1.013
0.848	-48.944	-36.694	-5.884	-4.005	1680.289	1.012
0.849	-48.938	-36.700	-5.892	-4.005	1682.726	1.012
0.851	-48.938	-36.664	-5.901	-4.005	1687.600	1.015
0.852	-48.938	-36.621	-5.909	-4.005	1687.600	1.015
0.854	-48.932	-36.633	-5.917	-4.005	1686.381	1.015
0.856	-48.932	-36.682	-5.917	-4.005	1682.726	1.013
0.857	-48.926	-36.700	-5.917	-3.997	1680.289	1.015
0.859	-48.932	-36.712	-5.909	-4.005	1677.852	1.013
0.860	-48.944	-36.688	-5.933	-3.997	1675.415	1.013
0.862	-48.938	-36.706	-5.917	-4.005	1676.634	1.013
0.863	-48.919	-36.743	-5.925	-4.014	1675.415	1.012
0.865	-48.919	-36.737	-5.925	-3.989	1681.507	1.013
0.866	-48.932	-36.700	-5.925	-3.997	1683.944	1.013
0.868	-48.926	-36.664	-5.933	-3.989	1691.255	1.015
0.870	-48.919	-36.688	-5.950	-4.005	1688.818	1.013
0.871	-48.932	-36.725	-5.941	-4.005	1687.600	1.015
0.873	-48.926	-36.743	-5.941	-3.997	1683.944	1.015
0.874	-48.919	-36.731	-5.941	-3.997	1680.289	1.013
0.876	-48.919	-36.718	-5.950	-4.005	1677.852	1.015
0.877	-48.926	-36.688	-5.958	-4.014	1674.197	1.013
0.879	-48.919	-36.712	-5.958	-4.005	1671.760	1.015
0.880	-48.919	-36.749	-5.950	-3.997	1674.197	1.012
0.882	-48.919	-36.767	-5.966	-4.005	1677.852	1.016
0.883	-48.919	-36.755	-5.974	-3.997	1680.289	1.012
0.885	-48.926	-36.694	-5.966	-3.997	1686.381	1.016
0.887	-48.913	-36.706	-5.958	-4.014	1688.818	1.015
0.888	-48.919	-36.731	-5.974	-4.014	1686.381	1.016
0.890	-48.919	-36.767	-5.966	-4.005	1683.944	1.015
0.891	-48.907	-36.767	-5.982	-3.997	1681.507	1.012
0.893	-48.913	-36.743	-5.982	-4.005	1679.070	1.012
0.894	-48.913	-36.700	-5.999	-3.997	1675.415	1.013
0.896	-48.913	-36.725	-5.974	-4.014	1683.944	1.013
0.897	-48.913	-36.755	-5.999	-4.005	1674.197	1.013
0.899	-48.907	-36.785	-5.999	-3.997	1676.634	1.015
0.901	-48.907	-36.792	-5.999	-4.005	1682.726	1.012
0.902	-48.907	-36.773	-5.999	-4.005	1688.818	1.013
0.904	-48.907	-36.731	-5.999	-4.014	1688.818	1.013
0.905	-48.895	-36.749	-6.007	-4.005	1687.600	1.013
0.907	-48.913	-36.792	-6.007	-4.005	1685.163	1.012
0.908	-48.913	-36.810	-6.023	-4.005	1682.726	1.013
0.910	-48.907	-36.785	-6.007	-3.997	1681.507	1.013
0.911	-48.901	-36.792	-6.015	-4.014	1676.634	1.016
0.913	-48.901	-36.816	-6.015	-4.005	1670.541	1.015
0.914	-48.901	-36.810	-6.015	-3.997	1671.760	1.015
0.916	-48.901	-36.779	-6.023	-4.005	1676.634	1.015
0.918	-48.895	-36.804	-6.023	-4.005	1680.289	1.016
0.919	-48.895	-36.828	-6.023	-3.997	1685.163	1.015
0.921	-48.901	-36.834	-6.032	-4.014	1687.600	1.015
0.922	-48.895	-36.792	-6.040	-4.014	1687.600	1.015
0.924	-48.895	-36.767	-6.040	-4.005	1683.944	1.013
0.925	-48.889	-36.767	-6.040	-4.005	1683.944	1.012
0.927	-48.889	-36.798	-6.040	-3.997	1681.507	1.013
0.928	-48.895	-36.828	-6.040	-4.014	1676.634	1.013
0.930	-48.889	-36.822	-6.048	-4.005	1672.978	1.015
0.932	-48.895	-36.792	-6.048	-4.005	1672.978	1.015
0.933	-48.895	-36.755	-6.048	-4.022	1676.634	1.013
0.935	-48.889	-36.785	-6.056	-3.997	1682.726	1.015
0.936	-48.895	-36.816	-6.073	-4.014	1685.163	1.015
0.938	-48.895	-36.840	-6.064	-3.997	1691.255	1.015
0.939	-48.895	-36.840	-6.056	-4.014	1687.600	1.012
0.941	-48.889	-36.810	-6.073	-4.022	1686.381	1.015
0.942	-48.889	-36.779	-6.073	-4.005	1683.944	1.012
0.944	-48.889	-36.804	-6.064	-4.005	1681.507	1.017
0.945	-48.889	-36.834	-6.073	-4.022	1677.852	1.015
0.947	-48.895	-36.840	-6.064	-3.997	1676.634	1.015
0.949	-48.895	-36.816	-6.081	-4.022	1672.978	1.013
0.950	-48.889	-36.828	-6.089	-4.005	1674.197	1.016
0.952	-11.142	-36.846	-6.073	-4.005	1668.104	1.007
0.953	-0.043	-36.865	-6.023	-4.005	1680.289	1.008
0.955	0.481	-36.840	-5.982	-3.997	1688.818	1.013
0.956	0.511	-36.798	-5.941	-3.997	1690.037	1.016
0.958	0.505	-36.816	-5.901	-4.014	1688.818	1.015
0.959	0.499	-36.846	-5.851	-4.005	1682.726	1.011
0.961	0.499	-36.877	-5.810	-4.014	1681.507	1.015
0.963	0.493	-36.852	-5.786	-4.005	1679.070	1.016
0.964	0.487	-36.840	-5.761	-4.022	1676.634	1.013
0.966	0.493	-36.865	-5.720	-4.014	1676.634	1.015
0.967	0.481	-36.883	-5.679	-4.014	1674.197	1.012
0.969	0.487	-36.871	-5.638	-4.014	1680.289	1.013
0.970	19.148	-36.834	-5.565	-4.014	1675.415	1.002
0.972	1.930	-36.816	-5.573	-4.005	1679.070	1.005
0.973	0.487	-36.840	-5.548	-4.005	1691.255	1.011
0.975	0.438	-36.871	-5.507	-4.005	1688.818	1.017
0.976	0.432	-36.877	-5.483	-4.005	1686.381	1.013
0.978	0.444	-36.846	-5.450	-4.014	1682.726	1.013
0.980	0.444	-36.852	-5.409	-4.005	1681.507	1.013
0.981	0.444	-36.889	-5.393	-4.014	1677.852	1.015
0.983	0.438	-36.889	-5.360	-4.022	1672.978	1.013
0.984	0.432	-36.859	-5.327	-4.014	1671.760	1.013
0.986	0.432	-36.877	-5.294	-4.014	1677.852	1.015
0.987	0.438	-36.901	-5.270	-3.997	1682.726	1.015
0.989	-29.187	-36.877	-5.319	-4.014	1686.381	1.016
0.990	-47.976	-36.859	-5.270	-4.022	1687.600	1.012
0.992	-48.932	-36.889	-5.294	-4.014	1682.726	1.010
0.994	-48.968	-36.913	-5.303	-4.005	1685.163	1.015
0.995	-48.992	-36.895	-5.311	-4.005	1683.944	1.016
0.997	-48.992	-36.859	-5.327	-3.997	1679.070	1.013
0.998	-49.005	-36.822	-5.335	-4.005	1674.197	1.011
1.000	-49.005	-36.852	-5.344	-4.005	1677.852	1.012
1.001	-49.005	-36.883	-5.352	-4.014	1674.197	1.011
1.003	-49.005	-36.919	-5.360	-4.014	1677.852	1.013
1.004	-49.011	-36.901	-5.368	-4.014	1680.289	1.013
1.006	-49.011	-36.852	-5.376	-4.005	1686.381	1.015
1.007	-49.029	-36.840	-5.384	-4.005	1690.037	1.011
1.009	-49.017	-36.871	-5.393	-4.005	1688.818	1.015
1.011	-49.017	-36.895	-5.417	-4.005	1687.600	1.011
1.012	-49.017	-36.889	-5.417	-4.014	1682.726	1.013
