Time (ms)	Ch1 V	Ch2 V	Ch1 A	Ch2 A	RPM	Torque
0.000	49.595	11.093	2.176	1.311	525.166	-0.475
0.002	49.583	11.105	2.200	1.311	525.166	-0.475
0.003	49.577	11.093	2.225	1.319	523.948	-0.472
0.005	49.583	11.093	2.258	1.311	522.729	-0.473
0.006	49.571	11.093	2.299	1.311	521.511	-0.473
0.008	49.565	11.105	2.315	1.311	520.293	-0.475
0.009	49.565	11.099	2.340	1.311	521.511	-0.473
0.011	49.559	11.105	2.372	1.302	521.511	-0.475
0.012	49.559	11.099	2.413	1.311	521.511	-0.471
0.014	49.547	11.093	2.413	1.302	519.074	-0.473
0.015	49.540	11.105	2.446	1.311	516.637	-0.473
0.017	49.547	11.099	2.479	1.311	516.637	-0.475
0.019	49.534	11.093	2.495	1.319	516.637	-0.476
0.020	49.534	11.099	2.544	1.319	514.200	-0.475
0.022	49.528	11.099	2.553	1.327	514.200	-0.475
0.023	49.522	11.087	2.585	1.302	512.982	-0.476
0.025	49.522	11.105	2.593	1.311	512.982	-0.475
0.026	49.516	11.105	2.634	1.327	512.982	-0.475
0.028	49.516	11.099	2.643	1.319	512.982	-0.476
0.029	49.510	11.093	2.675	1.311	510.545	-0.473
0.031	49.504	11.099	2.700	1.311	509.326	-0.476
0.033	49.498	11.099	2.716	1.311	508.108	-0.475
0.034	49.492	11.099	2.749	1.311	509.326	-0.476
0.036	49.492	11.099	2.774	1.302	506.889	-0.476
0.037	49.473	11.093	2.790	1.311	502.015	-0.476
0.039	49.486	11.099	2.815	1.319	506.889	-0.476
0.040	49.480	11.099	2.839	1.311	514.200	-0.476
0.042	49.473	11.099	2.872	1.311	519.074	-0.475
0.043	49.443	11.093	2.872	1.311	525.166	-0.475
0.045	49.455	11.099	2.905	1.311	530.040	-0.476
0.046	49.449	11.087	2.929	1.302	531.259	-0.477
0.048	49.449	11.099	2.962	1.319	527.603	-0.476
0.050	49.449	11.099	2.970	1.302	528.822	-0.476
0.051	49.443	11.099	2.987	1.302	525.166	-0.477
0.053	49.449	11.111	3.019	1.311	527.603	-0.477
0.054	49.443	11.093	3.028	1.311	526.385	-0.477
0.056	49.437	11.099	3.069	1.319	525.166	-0.480
0.057	49.431	11.099	3.085	1.311	522.729	-0.477
0.059	49.425	11.111	3.118	1.302	522.729	-0.476
0.060	49.419	11.105	3.126	1.319	522.729	-0.478
0.062	49.413	11.099	3.150	1.319	520.293	-0.477
0.064	49.413	11.093	3.167	1.311	519.074	-0.478
0.065	49.407	11.099	3.183	1.302	521.511	-0.477
0.067	49.407	11.099	3.208	1.311	519.074	-0.480
0.068	49.400	11.093	3.232	1.311	517.856	-0.477
0.070	49.394	11.099	3.241	1.319	517.856	-0.478
0.071	49.388	11.099	3.265	1.319	517.856	-0.478
0.073	49.382	11.099	3.298	1.311	516.637	-0.478
0.074	49.382	11.099	3.322	1.311	516.637	-0.480
0.076	49.382	11.087	3.322	1.319	514.200	-0.478
0.077	49.370	11.087	3.355	1.302	514.200	-0.480
0.079	49.370	11.087	3.372	1.311	511.763	-0.480
0.081	49.364	11.099	3.396	1.302	511.763	-0.478
0.082	49.364	11.081	3.421	1.319	511.763	-0.477
0.084	49.358	11.087	3.429	1.311	511.763	-0.478
0.085	49.352	11.093	3.462	1.311	509.326	-0.477
0.087	49.352	11.087	3.478	1.294	508.108	-0.477
0.088	49.340	11.087	3.494	1.311	508.108	-0.480
0.090	49.340	11.093	3.511	1.311	506.889	-0.478
0.091	49.340	11.075	3.544	1.311	506.889	-0.480
0.093	49.333	11.087	3.552	1.302	505.671	-0.478
0.095	49.327	11.087	3.568	1.302	510.545	-0.478
0.096	49.321	11.087	3.593	1.311	506.889	-0.478
0.098	49.321	11.087	3.609	1.319	514.200	-0.478
0.099	49.315	11.087	3.634	1.319	520.293	-0.477
0.101	49.315	11.087	3.650	1.311	527.603	-0.480
0.102	49.303	11.087	3.691	1.302	532.477	-0.478
0.104	49.303	11.081	3.707	1.302	531.259	-0.480
0.105	4.493	11.087	3.666	1.302	505.671	-0.480
0.107	-0.061	11.075	3.642	1.302	528.822	-0.476
0.108	-0.274	11.069	3.617	1.319	528.822	-0.477
0.110	-0.286	11.087	3.609	1.302	528.822	-0.480
0.112	-0.292	11.075	3.576	1.311	526.385	-0.480
0.113	-0.298	11.075	3.568	1.302	526.385	-0.476
0.115	-0.304	11.081	3.544	1.311	526.385	-0.478
0.116	-0.298	11.069	3.535	1.302	525.166	-0.478
0.118	-0.298	11.069	3.511	1.311	522.729	-0.480
0.119	-0.298	11.075	3.494	1.302	522.729	-0.480
0.121	-0.292	11.081	3.486	1.311	522.729	-0.478
0.122	-0.298	11.069	3.462	1.302	522.729	-0.480
0.124	-0.286	11.075	3.445	1.319	519.074	-0.480
0.126	-0.292	11.081	3.421	1.302	519.074	-0.478
0.127	-0.286	11.069	3.429	1.311	519.074	-0.481
0.129	-0.292	11.069	3.396	1.319	517.856	-0.480
0.130	-0.286	11.075	3.388	1.311	516.637	-0.480
0.132	-0.286	11.075	3.380	1.319	516.637	-0.480
0.133	-0.292	11.062	3.372	1.319	515.419	-0.480
0.135	-0.292	11.069	3.347	1.327	514.200	-0.481
0.136	-0.280	11.075	3.347	1.311	512.982	-0.478
0.138	-0.286	11.062	3.314	1.302	511.763	-0.481
0.139	-0.286	11.075	3.314	1.311	512.982	-0.481
0.141	-0.286	11.075	3.314	1.302	511.763	-0.481
0.143	-0.280	11.069	3.290	1.302	511.763	-0.481
0.144	-0.286	11.069	3.265	1.319	508.108	-0.480
0.146	-0.280	11.075	3.273	1.302	509.326	-0.482
0.147	-0.286	11.075	3.249	1.311	509.326	-0.480
0.149	-0.286	11.075	3.241	1.294	506.889	-0.482
0.150	-0.280	11.075	3.232	1.319	502.015	-0.480
0.152	-0.274	11.062	3.216	1.302	505.671	-0.482
0.153	-0.280	11.069	3.200	1.311	515.419	-0.481
0.155	-0.280	11.062	3.200	1.302	517.856	-0.480
0.157	-0.280	11.069	3.175	1.311	526.385	-0.480
0.158	-0.274	11.062	3.175	1.311	530.040	-0.481
0.160	-0.274	11.069	3.159	1.311	530.040	-0.481
0.161	-0.268	11.050	3.159	1.302	528.822	-0.480
0.163	-0.262	11.056	3.134	1.302	530.040	-0.482
0.164	-0.268	11.062	3.126	1.319	528.822	-0.481
0.166	-0.268	11.062	3.118	1.311	526.385	-0.482
0.167	-0.274	11.062	3.101	1.302	527.603	-0.482
0.169	-0.268	11.062	3.093	1.319	525.166	-0.481
0.170	-0.268	11.056	3.077	1.311	523.948	-0.482
0.172	-0.274	11.056	3.069	1.311	522.729	-0.482
0.174	-0.268	11.056	3.060	1.302	523.948	-0.483
0.175	-0.262	11.062	3.052	1.302	521.511	-0.481
0.177	-0.262	11.056	3.036	1.311	522.729	-0.480
0.178	-0.262	11.050	3.019	1.311	519.074	-0.482
0.180	-0.262	11.050	3.019	1.302	519.074	-0.481
0.181	-0.268	11.050	3.011	1.302	517.856	-0.481
0.183	-0.262	11.050	3.003	1.302	517.856	-0.481
0.184	-0.256	11.050	2.978	1.302	517.856	-0.480
0.186	-0.262	11.056	2.978	1.302	516.637	-0.481
0.188	-0.256	11.044	2.962	1.311	515.419	-0.480
0.189	-0.256	11.050	2.946	1.302	514.200	-0.480
0.191	-0.250	11.050	2.954	1.302	512.982	-0.480
0.192	-0.256	11.044	2.937	1.302	512.982	-0.480
0.194	-0.256	11.050	2.929	1.302	512.982	-0.480
0.195	-0.244	11.056	2.913	1.319	512.982	-0.478
0.197	-0.244	11.044	2.913	1.302	510.545	-0.480
0.198	-0.244	11.050	2.897	1.302	509.326	-0.480
0.200	-0.250	11.044	2.888	1.311	509.326	-0.480
0.201	-0.250	11.044	2.864	1.302	508.108	-0.478
0.203	-0.244	11.050	2.872	1.311	508.108	-0.478
0.205	-0.244	11.044	2.872	1.302	506.889	-0.478
0.206	-0.250	11.038	2.831	1.302	505.671	-0.480
0.208	-0.244	11.050	2.839	1.311	511.763	-0.478
0.209	-0.237	11.050	2.831	1.294	508.108	-0.477
0.211	-0.250	11.050	2.815	1.319	515.419	-0.480
0.212	-0.237	11.038	2.806	1.302	520.293	-0.477
0.214	-0.244	11.044	2.798	1.319	526.385	-0.480
0.215	-0.244	11.050	2.790	1.311	532.477	-0.478
0.217	-0.237	11.044	2.765	1.311	531.259	-0.477
0.219	-0.244	11.038	2.765	1.302	530.040	-0.477
0.220	-0.237	11.050	2.749	1.302	530.040	-0.478
0.222	-0.237	11.038	2.741	1.311	528.822	-0.477
0.223	-0.237	11.056	2.741	1.311	527.603	-0.477
0.225	-0.231	11.044	2.733	1.311	527.603	-0.477
0.226	-0.237	11.038	2.725	1.311	526.385	-0.476
0.228	-0.237	11.038	2.708	1.319	525.166	-0.477
0.229	-0.237	11.038	2.708	1.311	523.948	-0.478
0.231	-0.237	11.050	2.692	1.302	523.948	-0.477
0.232	-0.231	11.038	2.692	1.294	522.729	-0.475
0.234	-0.231	11.044	2.675	1.319	521.511	-0.476
0.236	-0.231	11.038	2.659	1.302	520.293	-0.477
0.237	-0.231	11.038	2.651	1.311	520.293	-0.477
0.239	-0.231	11.044	2.651	1.302	520.293	-0.476
0.240	-0.231	11.038	2.634	1.302	519.074	-0.475
0.242	-0.231	11.038	2.626	1.319	516.637	-0.477
0.243	-0.225	11.032	2.618	1.311	516.637	-0.476
0.245	-0.219	11.038	2.618	1.319	517.856	-0.477
0.246	-0.231	11.038	2.610	1.294	516.637	-0.476
0.248	-0.225	11.026	2.602	1.302	512.982	-0.476
0.250	-0.225	11.038	2.593	1.319	514.200	-0.476
0.251	-0.225	11.026	2.585	1.311	515.419	-0.477
0.253	-0.213	11.026	2.569	1.311	511.763	-0.475
0.254	-0.219	11.032	2.561	1.327	510.545	-0.476
0.256	-0.219	11.032	2.553	1.302	510.545	-0.476
0.257	-0.213	11.020	2.544	1.311	510.545	-0.476
0.259	-0.219	11.038	2.536	1.319	508.108	-0.477
0.260	-0.219	11.026	2.528	1.302	508.108	-0.477
0.262	-0.213	11.020	2.512	1.319	508.108	-0.476
0.263	-0.231	11.032	2.520	1.302	503.234	-0.476
0.265	-0.207	11.032	2.512	1.311	505.671	-0.475
0.267	-0.219	11.038	2.487	1.294	512.982	-0.476
0.268	-0.225	11.026	2.479	1.302	517.856	-0.475
0.270	-0.213	11.038	2.479	1.311	527.603	-0.476
0.271	-0.219	11.032	2.462	1.311	531.259	-0.475
0.273	-0.213	11.032	2.454	1.319	530.040	-0.475
0.274	-0.219	11.032	2.454	1.311	530.040	-0.476
0.276	-0.213	11.032	2.446	1.311	528.822	-0.477
0.277	-0.207	11.026	2.430	1.311	527.603	-0.475
0.279	-0.213	11.032	2.421	1.302	527.603	-0.477
0.281	-0.213	11.038	2.405	1.302	525.166	-0.478
0.282	-0.213	11.038	2.405	1.319	523.948	-0.477
0.284	-0.213	11.032	2.405	1.319	522.729	-0.478
0.285	-0.201	11.038	2.389	1.319	525.166	-0.476
0.287	-0.201	11.038	2.397	1.311	522.729	-0.477
0.288	-0.207	11.032	2.364	1.319	522.729	-0.477
0.290	-0.201	11.038	2.364	1.311	521.511	-0.477
0.291	-0.207	11.044	2.340	1.302	522.729	-0.476
0.293	-0.201	11.032	2.340	1.302	519.074	-0.476
0.294	-0.201	11.038	2.340	1.311	519.074	-0.476
0.296	-0.201	11.038	2.331	1.319	517.856	-0.475
0.298	-0.201	11.038	2.323	1.311	516.637	-0.478
0.299	-0.189	11.038	2.307	1.294	515.419	-0.475
0.301	-0.195	11.044	2.299	1.302	515.419	-0.475
0.302	-0.195	11.044	2.299	1.319	514.200	-0.476
0.304	-0.201	11.050	2.290	1.319	512.982	-0.477
0.305	-0.195	11.050	2.282	1.311	515.419	-0.475
0.307	-0.195	11.050	2.274	1.311	510.545	-0.476
0.308	-0.189	11.056	2.266	1.311	510.545	-0.477
0.310	-0.195	11.056	2.249	1.311	510.545	-0.476
0.312	-0.195	11.050	2.249	1.311	510.545	-0.476
0.313	-0.189	11.050	2.249	1.319	509.326	-0.473
0.315	-0.189	11.044	2.233	1.302	508.108	-0.475
0.316	-0.195	11.050	2.225	1.311	508.108	-0.473
0.318	-0.195	11.050	2.217	1.311	505.671	-0.476
0.319	-0.195	11.056	2.200	1.319	505.671	-0.476
0.321	-0.183	11.056	2.208	1.302	508.108	-0.475
0.322	-0.189	11.050	2.192	1.311	509.326	-0.473
0.324	-0.189	11.056	2.176	1.311	514.200	-0.475
0.325	-0.189	11.050	2.176	1.302	521.511	-0.475
0.327	-0.183	11.050	2.168	1.302	526.385	-0.475
0.329	-0.189	11.050	2.159	1.319	532.477	-0.475
0.330	-0.183	11.056	2.159	1.302	531.259	-0.475
0.332	-0.183	11.050	2.143	1.294	532.477	-0.475
0.333	-0.189	11.050	2.135	1.311	530.040	-0.475
0.335	-0.183	11.062	2.127	1.302	528.822	-0.476
0.336	-0.183	11.062	2.127	1.311	528.822	-0.473
0.338	-0.183	11.050	2.110	1.319	527.603	-0.475
0.339	-0.177	11.062	2.102	1.311	528.822	-0.473
0.341	-0.177	11.062	2.102	1.302	525.166	-0.473
0.343	-0.177	11.050	2.094	1.311	525.166	-0.475
0.344	-0.177	11.050	2.069	1.311	522.729	-0.475
0.346	-0.183	11.050	2.069	1.311	522.729	-0.472
0.347	-0.170	11.056	2.077	1.311	522.729	-0.473
0.349	-0.183	11.050	2.053	1.319	523.948	-0.473
0.350	-0.177	11.056	2.045	1.311	521.511	-0.473
0.352	-0.177	11.050	2.036	1.311	517.856	-0.475
0.353	-0.164	11.044	2.036	1.319	520.293	-0.471
0.355	-0.177	11.050	2.028	1.311	515.419	-0.473
0.356	-0.177	11.050	2.012	1.311	517.856	-0.473
0.358	-0.164	11.050	2.012	1.319	515.419	-0.472
0.360	-0.177	11.056	1.996	1.311	516.637	-0.473
0.361	-0.177	11.050	1.996	1.311	511.763	-0.475
0.363	-0.170	11.050	1.987	1.319	514.200	-0.473
0.364	-0.170	11.056	1.979	1.311	512.982	-0.472
0.366	-0.177	11.044	1.963	1.302	510.545	-0.475
0.367	-0.164	11.050	1.963	1.311	509.326	-0.475
0.369	-0.170	11.056	1.946	1.311	509.326	-0.475
0.370	-0.158	11.044	1.963	1.302	509.326	-0.475
0.372	-0.170	11.044	1.938	1.319	508.108	-0.475
0.374	-0.177	11.050	1.930	1.319	509.326	-0.475
0.375	-0.170	11.050	1.922	1.311	509.326	-0.472
0.377	-0.170	11.038	1.897	1.319	502.015	-0.473
0.378	-0.164	11.038	1.905	1.311	506.889	-0.473
0.380	-0.158	11.044	1.897	1.319	511.763	-0.476
0.381	-0.164	11.044	1.897	1.302	519.074	-0.476
0.383	41.461	11.044	1.922	1.302	547.099	-0.470
0.384	49.151	11.038	1.938	1.319	525.166	-0.472
0.386	49.547	11.032	1.979	1.302	533.696	-0.476
0.387	49.583	11.038	2.028	1.311	526.385	-0.477
0.389	49.595	11.038	2.077	1.311	527.603	-0.475
0.391	49.589	11.050	2.102	1.311	530.040	-0.475
0.392	49.583	11.038	2.135	1.311	525.166	-0.475
0.394	49.589	11.044	2.168	1.311	526.385	-0.472
0.395	49.583	11.038	2.200	1.311	525.166	-0.476
0.397	49.583	11.032	2.217	1.311	523.948	-0.475
0.398	49.577	11.032	2.249	1.311	523.948	-0.473
0.400	49.577	11.032	2.274	1.319	521.511	-0.477
0.401	49.571	11.038	2.307	1.311	521.511	-0.476
0.403	49.565	11.032	2.340	1.319	520.293	-0.476
0.405	49.559	11.044	2.364	1.302	521.511	-0.475
0.406	49.565	11.026	2.389	1.327	517.856	-0.476
0.408	49.547	11.032	2.430	1.311	517.856	-0.473
0.409	49.547	11.032	2.446	1.311	519.074	-0.473
0.411	49.540	11.032	2.479	1.311	516.637	-0.475
0.412	49.540	11.032	2.487	1.311	516.637	-0.476
0.414	49.528	11.032	2.512	1.311	516.637	-0.476
0.415	49.522	11.032	2.536	1.311	511.763	-0.473
0.417	49.534	11.032	2.569	1.311	512.982	-0.475
0.418	49.516	11.038	2.602	1.311	512.982	-0.476
0.420	49.510	11.038	2.618	1.311	511.763	-0.476
0.422	49.504	11.020	2.643	1.311	511.763	-0.475
0.423	49.510	11.032	2.675	1.311	510.545	-0.473
0.425	49.498	11.032	2.684	1.319	511.763	-0.476
0.426	49.504	11.044	2.708	1.311	509.326	-0.475
0.428	49.492	11.020	2.749	1.311	508.108	-0.475
0.429	49.492	11.038	2.757	1.319	506.889	-0.475
0.431	49.486	11.032	2.782	1.311	505.671	-0.475
0.432	49.480	11.026	2.815	1.319	506.889	-0.475
0.434	49.480	11.026	2.831	1.311	510.545	-0.476
0.436	49.467	11.032	2.847	1.327	509.326	-0.476
0.437	49.473	11.026	2.872	1.311	514.200	-0.477
0.439	49.431	11.026	2.913	1.319	521.511	-0.476
0.440	49.449	11.032	2.921	1.311	528.822	-0.476
0.442	49.449	11.032	2.954	1.311	534.914	-0.476
0.443	49.443	11.026	2.970	1.319	531.259	-0.473
0.445	49.443	11.032	3.003	1.311	531.259	-0.476
0.446	49.437	11.026	3.019	1.302	530.040	-0.476
0.448	49.449	11.020	3.044	1.319	528.822	-0.476
0.449	49.431	11.026	3.069	1.319	528.822	-0.476
0.451	49.431	11.026	3.085	1.319	527.603	-0.475
0.453	49.419	11.020	3.101	1.311	523.948	-0.476
0.454	49.425	11.014	3.134	1.311	526.385	-0.476
0.456	49.419	11.026	3.150	1.311	525.166	-0.476
0.457	49.407	11.032	3.167	1.311	525.166	-0.476
0.459	49.407	11.014	3.183	1.311	521.511	-0.476
0.460	49.407	11.020	3.208	1.302	521.511	-0.477
0.462	49.394	11.026	3.241	1.319	521.511	-0.476
0.463	49.388	11.014	3.257	1.311	521.511	-0.477
0.465	49.388	11.020	3.273	1.311	520.293	-0.477
0.467	49.376	11.026	3.306	1.302	517.856	-0.477
0.468	49.382	11.014	3.322	1.311	517.856	-0.475
0.470	49.376	11.026	3.347	1.311	517.856	-0.477
0.471	49.376	11.020	3.363	1.311	515.419	-0.477
0.473	49.370	11.014	3.372	1.311	517.856	-0.477
0.474	49.370	11.020	3.388	1.311	515.419	-0.480
0.476	49.352	11.014	3.429	1.319	514.200	-0.478
0.477	49.352	11.020	3.437	1.319	511.763	-0.477
0.479	49.352	11.014	3.462	1.302	512.982	-0.478
0.480	49.346	11.008	3.486	1.311	511.763	-0.477
0.482	49.352	11.020	3.503	1.311	510.545	-0.478
0.484	49.340	11.008	3.519	1.327	509.326	-0.480
0.485	49.340	11.014	3.544	1.311	509.326	-0.480
0.487	49.321	11.014	3.552	1.319	508.108	-0.480
0.488	49.327	11.008	3.568	1.302	509.326	-0.478
0.490	49.321	11.014	3.601	1.327	500.797	-0.480
0.491	49.321	11.014	3.626	1.319	509.326	-0.480
0.493	49.321	11.002	3.634	1.311	515.419	-0.480
0.494	49.309	11.002	3.666	1.311	521.511	-0.478
0.496	49.309	11.008	3.675	1.311	525.166	-0.480
0.498	49.303	11.002	3.691	1.319	531.259	-0.480
0.499	16.712	11.020	3.634	1.311	548.318	-0.478
0.501	0.560	11.014	3.666	1.311	541.007	-0.483
0.502	-0.256	10.995	3.642	1.319	523.948	-0.480
0.504	-0.292	11.002	3.617	1.319	523.948	-0.480
0.505	-0.298	11.002	3.601	1.311	530.040	-0.478
0.507	-0.298	11.008	3.585	1.319	526.385	-0.482
0.508	-0.298	11.002	3.560	1.319	526.385	-0.481
0.510	-0.292	11.002	3.552	1.311	523.948	-0.481
0.511	-0.304	11.014	3.527	1.319	522.729	-0.482
0.513	-0.298	11.002	3.519	1.311	523.948	-0.481
0.515	-0.298	11.008	3.503	1.319	522.729	-0.482
0.516	-0.298	10.995	3.486	1.319	521.511	-0.481
0.518	-0.292	10.995	3.462	1.319	521.511	-0.482
0.519	-0.292	11.002	3.454	1.311	519.074	-0.482
0.521	-0.286	10.989	3.437	1.327	517.856	-0.482
0.522	-0.298	11.002	3.421	1.327	519.074	-0.482
0.524	-0.298	11.008	3.396	1.319	515.419	-0.483
0.525	-0.286	10.995	3.396	1.319	517.856	-0.480
0.527	-0.286	11.002	3.372	1.319	514.200	-0.483
0.529	-0.292	10.995	3.363	1.319	516.637	-0.482
0.530	-0.292	10.995	3.347	1.311	514.200	-0.481
0.532	-0.286	11.008	3.339	1.319	511.763	-0.482
0.533	-0.286	11.002	3.331	1.311	512.982	-0.482
0.535	-0.280	11.002	3.306	1.319	510.545	-0.481
0.536	-0.280	11.008	3.306	1.319	510.545	-0.480
0.538	-0.286	11.002	3.290	1.311	508.108	-0.482
0.539	-0.280	10.995	3.282	1.319	510.545	-0.481
0.541	-0.280	10.995	3.265	1.319	506.889	-0.481
0.542	-0.280	11.002	3.249	1.319	509.326	-0.482
0.544	-0.280	10.995	3.232	1.319	506.889	-0.481
0.546	-0.280	10.989	3.232	1.311	504.452	-0.482
0.547	-0.280	10.995	3.224	1.311	509.326	-0.482
0.549	-0.274	11.002	3.208	1.319	506.889	-0.482
0.550	-0.286	10.989	3.200	1.311	514.200	-0.482
0.552	-0.280	10.995	3.183	1.319	520.293	-0.483
0.553	-0.280	10.989	3.167	1.319	530.040	-0.480
0.555	-0.274	10.995	3.167	1.327	531.259	-0.482
0.556	-0.268	10.989	3.150	1.319	531.259	-0.480
0.558	-0.274	10.995	3.142	1.327	527.603	-0.481
0.560	-0.280	10.995	3.126	1.319	530.040	-0.482
0.561	-0.268	10.989	3.109	1.327	527.603	-0.480
0.563	-0.274	11.002	3.109	1.327	528.822	-0.481
0.564	-0.268	10.989	3.101	1.311	527.603	-0.480
0.566	-0.268	10.995	3.085	1.311	525.166	-0.482
0.567	-0.274	11.002	3.077	1.311	527.603	-0.478
0.569	-0.262	10.989	3.060	1.311	522.729	-0.480
0.570	-0.262	10.983	3.052	1.319	523.948	-0.480
0.572	-0.262	10.989	3.044	1.319	521.511	-0.480
0.573	-0.268	10.995	3.036	1.311	523.948	-0.481
0.575	-0.268	10.989	3.019	1.319	520.293	-0.481
0.577	-0.256	10.983	3.003	1.319	521.511	-0.481
0.578	-0.262	10.989	2.995	1.311	519.074	-0.480
0.580	-0.262	10.995	2.978	1.311	519.074	-0.481
0.581	-0.256	10.983	2.987	1.327	517.856	-0.480
0.583	-0.262	10.989	2.962	1.311	517.856	-0.484
0.584	-0.262	10.989	2.970	1.319	517.856	-0.480
0.586	-0.262	10.989	2.937	1.319	515.419	-0.480
0.587	-0.256	10.995	2.937	1.319	517.856	-0.481
0.589	-0.256	10.989	2.921	1.319	514.200	-0.481
0.591	-0.256	10.983	2.913	1.311	514.200	-0.480
0.592	-0.244	10.983	2.905	1.311	512.982	-0.481
0.594	-0.250	10.983	2.888	1.319	512.982	-0.481
0.595	-0.250	10.989	2.880	1.319	510.545	-0.481
0.597	-0.237	10.983	2.880	1.319	510.545	-0.481
0.598	-0.244	10.989	2.872	1.327	509.326	-0.481
0.600	-0.250	10.983	2.856	1.327	508.108	-0.481
0.601	-0.244	10.983	2.839	1.311	509.326	-0.480
0.603	-0.244	10.971	2.847	1.319	503.234	-0.481
0.604	-0.244	10.983	2.831	1.327	509.326	-0.480
0.606	-0.244	10.977	2.823	1.319	512.982	-0.481
0.608	-0.244	10.971	2.815	1.302	521.511	-0.480
0.609	-0.244	10.983	2.798	1.319	526.385	-0.482
0.611	-0.237	10.977	2.790	1.311	532.477	-0.482
0.612	-0.244	10.983	2.782	1.319	531.259	-0.480
0.614	-0.231	10.977	2.774	1.319	530.040	-0.481
0.615	-0.244	10.983	2.774	1.327	530.040	-0.482
0.617	-0.244	10.977	2.757	1.311	528.822	-0.481
0.618	-0.237	10.971	2.741	1.311	526.385	-0.480
0.620	-0.237	10.989	2.741	1.319	525.166	-0.481
0.622	-0.231	10.983	2.725	1.327	526.385	-0.483
0.623	-0.231	10.983	2.716	1.311	525.166	-0.481
0.625	-0.244	10.983	2.700	1.327	523.948	-0.481
0.626	-0.231	10.983	2.692	1.319	521.511	-0.481
0.628	-0.237	10.983	2.684	1.311	522.729	-0.482
0.629	-0.231	10.983	2.675	1.311	522.729	-0.480
0.631	-0.231	10.989	2.675	1.327	521.511	-0.481
0.632	-0.225	10.983	2.659	1.319	520.293	-0.482
0.634	-0.225	10.971	2.651	1.327	519.074	-0.478
0.635	-0.231	10.989	2.643	1.319	520.293	-0.482
0.637	-0.231	10.989	2.643	1.319	516.637	-0.481
0.639	-0.225	10.989	2.618	1.335	516.637	-0.481
0.640	-0.225	10.989	2.618	1.319	514.200	-0.478
0.642	-0.231	10.989	2.610	1.319	514.200	-0.481
0.643	-0.225	10.983	2.593	1.319	515.419	-0.481
0.645	-0.225	10.977	2.577	1.327	511.763	-0.481
0.646	-0.225	10.989	2.585	1.327	512.982	-0.481
0.648	-0.231	10.977	2.577	1.319	510.545	-0.480
0.649	-0.225	10.983	2.553	1.311	511.763	-0.481
0.651	-0.219	10.989	2.553	1.335	509.326	-0.482
0.653	-0.219	10.983	2.544	1.319	510.545	-0.478
0.654	-0.225	10.977	2.536	1.327	508.108	-0.478
0.656	-0.213	10.989	2.528	1.327	508.108	-0.478
0.657	-0.219	10.989	2.520	1.311	506.889	-0.478
0.659	-0.213	10.989	2.495	1.319	506.889	-0.480
0.660	-0.213	10.983	2.503	1.311	509.326	-0.477
0.662	-0.219	10.983	2.487	1.311	506.889	-0.481
0.663	-0.213	10.983	2.487	1.319	514.200	-0.478
0.665	-0.213	10.977	2.479	1.319	520.293	-0.480
0.666	-0.213	10.989	2.471	1.335	526.385	-0.480
0.668	-0.219	10.989	2.454	1.319	532.477	-0.477
0.670	-0.207	10.983	2.446	1.327	533.696	-0.478
0.671	-0.207	10.977	2.438	1.335	530.040	-0.478
0.673	-0.207	10.989	2.438	1.327	530.040	-0.477
0.674	-0.213	10.977	2.430	1.327	528.822	-0.477
0.676	-0.207	10.983	2.413	1.327	528.822	-0.477
0.677	-0.207	10.989	2.405	1.319	527.603	-0.477
0.679	-0.207	10.995	2.389	1.327	525.166	-0.476
0.680	-0.207	10.989	2.389	1.327	526.385	-0.477
0.682	-0.207	10.983	2.381	1.311	523.948	-0.477
0.684	-0.213	10.983	2.372	1.319	525.166	-0.477
0.685	-0.213	10.983	2.372	1.319	522.729	-0.477
0.687	-0.213	10.989	2.372	1.335	522.729	-0.478
0.688	-0.207	10.983	2.356	1.327	520.293	-0.477
0.690	-0.207	10.983	2.340	1.327	520.293	-0.478
0.691	-0.201	10.977	2.348	1.327	519.074	-0.476
0.693	-0.201	10.989	2.323	1.319	519.074	-0.477
0.694	-0.207	10.995	2.299	1.327	517.856	-0.478
0.696	-0.201	10.989	2.315	1.327	517.856	-0.478
0.697	-0.195	10.989	2.290	1.327	516.637	-0.476
0.699	-0.201	10.989	2.307	1.319	515.419	-0.478
0.701	-0.195	10.983	2.274	1.319	516.637	-0.478
0.702	-0.201	10.983	2.282	1.319	512.982	-0.477
0.704	-0.201	10.983	2.274	1.327	514.200	-0.477
0.705	-0.195	10.983	2.258	1.335	511.763	-0.478
0.707	-0.189	10.989	2.258	1.335	512.982	-0.478
0.708	-0.195	10.983	2.249	1.335	510.545	-0.477
0.710	-0.189	10.989	2.233	1.319	508.108	-0.478
0.711	-0.195	10.989	2.225	1.319	509.326	-0.476
0.713	-0.189	10.983	2.217	1.327	509.326	-0.476
0.715	-0.195	10.989	2.208	1.335	509.326	-0.480
0.716	-0.195	10.995	2.208	1.327	500.797	-0.477
0.718	-0.183	10.989	2.208	1.327	505.671	-0.477
0.719	-0.189	10.983	2.184	1.319	514.200	-0.478
0.721	-0.189	10.983	2.176	1.327	520.293	-0.478
0.722	-0.195	10.989	2.184	1.327	527.603	-0.478
0.724	-0.189	10.989	2.176	1.319	531.259	-0.477
0.725	-0.189	10.989	2.159	1.319	528.822	-0.480
0.727	-0.183	10.995	2.143	1.327	531.259	-0.478
0.728	-0.183	10.989	2.143	1.327	527.603	-0.477
0.730	-0.189	10.983	2.127	1.311	530.040	-0.478
0.732	-0.183	10.989	2.127	1.319	527.603	-0.478
0.733	-0.189	10.989	2.118	1.319	526.385	-0.477
0.735	-0.177	10.983	2.102	1.319	525.166	-0.477
0.736	-0.170	10.995	2.094	1.327	525.166	-0.478
0.738	-0.183	10.983	2.086	1.327	522.729	-0.478
0.739	-0.177	10.983	2.086	1.327	522.729	-0.478
0.741	-0.183	10.989	2.061	1.327	522.729	-0.477
0.742	-0.177	10.989	2.069	1.327	521.511	-0.480
0.744	-0.189	10.983	2.069	1.327	522.729	-0.478
0.746	-0.183	10.995	2.061	1.311	519.074	-0.477
0.747	-0.177	10.995	2.036	1.327	519.074	-0.478
0.749	-0.183	10.989	2.028	1.311	517.856	-0.477
0.750	-0.177	10.983	2.028	1.319	516.637	-0.477
0.752	-0.170	10.989	2.020	1.311	516.637	-0.477
0.753	-0.170	10.995	2.012	1.327	514.200	-0.478
0.755	-0.170	10.989	1.996	1.327	511.763	-0.478
0.756	-0.170	11.002	1.996	1.319	515.419	-0.478
0.758	-0.183	10.989	1.979	1.327	512.982	-0.476
0.759	-0.170	10.995	1.979	1.327	511.763	-0.478
0.761	-0.177	10.989	1.971	1.319	511.763	-0.477
0.763	-0.164	11.002	1.955	1.327	509.326	-0.478
0.764	-0.164	10.989	1.963	1.319	508.108	-0.478
0.766	-0.170	10.983	1.946	1.319	509.326	-0.476
0.767	-0.170	10.995	1.938	1.327	506.889	-0.477
0.769	-0.164	10.995	1.930	1.319	508.108	-0.478
0.770	-0.158	10.989	1.930	1.327	505.671	-0.476
0.772	-0.164	10.989	1.914	1.319	505.671	-0.477
0.773	-0.170	10.995	1.914	1.343	509.326	-0.478
0.775	-0.158	10.995	1.905	1.327	509.326	-0.477
0.777	20.256	10.989	1.955	1.319	500.797	-0.482
0.778	48.067	10.995	1.963	1.327	515.419	-0.481
0.780	49.486	10.995	1.996	1.327	522.729	-0.476
0.781	49.583	10.989	2.020	1.335	536.133	-0.476
0.783	49.583	11.002	2.061	1.311	532.477	-0.478
0.784	49.601	11.002	2.094	1.327	528.822	-0.477
0.786	49.589	10.989	2.118	1.327	528.822	-0.475
0.787	49.589	10.995	2.159	1.335	531.259	-0.477
0.789	49.577	10.995	2.192	1.335	528.822	-0.477
0.790	49.577	11.002	2.217	1.343	527.603	-0.476
0.792	49.571	10.989	2.241	1.319	526.385	-0.477
0.794	49.565	10.995	2.282	1.327	525.166	-0.477
0.795	49.559	10.989	2.307	1.319	523.948	-0.477
0.797	49.571	11.002	2.331	1.319	523.948	-0.476
0.798	49.565	10.995	2.348	1.319	522.729	-0.475
0.800	49.559	10.995	2.405	1.335	520.293	-0.477
0.801	49.547	10.989	2.413	1.335	522.729	-0.476
0.803	49.540	10.989	2.446	1.327	519.074	-0.476
0.804	49.534	11.002	2.479	1.327	519.074	-0.476
0.806	49.528	11.002	2.487	1.335	519.074	-0.476
0.808	49.540	11.002	2.528	1.319	517.856	-0.477
0.809	49.528	10.995	2.553	1.335	516.637	-0.476
0.811	49.534	11.008	2.569	1.327	516.637	-0.477
0.812	49.522	11.002	2.585	1.335	515.419	-0.477
0.814	49.516	10.995	2.618	1.319	514.200	-0.478
0.815	49.516	11.002	2.643	1.335	514.200	-0.475
0.817	49.504	11.002	2.675	1.327	512.982	-0.477
0.818	49.498	11.002	2.700	1.319	512.982	-0.478
0.820	49.498	11.002	2.716	1.335	510.545	-0.478
0.821	49.492	11.002	2.741	1.335	511.763	-0.481
0.823	49.492	10.995	2.774	1.335	509.326	-0.478
0.825	49.486	11.014	2.782	1.335	509.326	-0.477
0.826	49.480	10.995	2.815	1.335	508.108	-0.478
0.828	49.480	10.995	2.831	1.335	508.108	-0.478
0.829	49.473	10.995	2.856	1.327	503.234	-0.478
0.831	49.467	11.008	2.880	1.343	508.108	-0.478
0.832	49.461	11.014	2.897	1.335	516.637	-0.478
0.834	49.425	10.995	2.937	1.327	519.074	-0.480
0.835	49.443	11.008	2.954	1.343	526.385	-0.478
0.837	49.449	11.008	2.970	1.335	531.259	-0.478
0.839	49.443	11.002	2.987	1.343	533.696	-0.481
0.840	49.443	11.002	3.019	1.335	528.822	-0.481
0.842	49.443	11.014	3.044	1.335	528.822	-0.481
0.843	49.437	11.014	3.060	1.327	527.603	-0.480
0.845	49.431	11.002	3.093	1.335	527.603	-0.480
0.846	49.431	11.014	3.109	1.335	527.603	-0.481
0.848	49.419	11.014	3.126	1.319	525.166	-0.481
0.849	49.425	11.014	3.142	1.319	525.166	-0.480
0.851	49.413	11.002	3.175	1.335	522.729	-0.481
0.852	49.413	11.014	3.191	1.335	522.729	-0.480
0.854	49.407	11.008	3.208	1.335	522.729	-0.481
0.856	49.407	11.008	3.241	1.327	521.511	-0.481
0.857	49.394	11.020	3.249	1.335	519.074	-0.482
0.859	49.394	11.014	3.290	1.335	520.293	-0.480
0.860	49.394	11.008	3.298	1.319	519.074	-0.480
0.862	49.382	11.008	3.314	1.343	517.856	-0.481
0.863	49.376	11.014	3.347	1.327	519.074	-0.481
0.865	49.370	11.008	3.355	1.327	516.637	-0.481
0.866	49.370	11.008	3.363	1.327	516.637	-0.482
0.868	49.370	11.014	3.396	1.327	512.982	-0.481
0.870	49.358	11.020	3.413	1.335	514.200	-0.482
0.871	49.352	11.014	3.445	1.335	512.982	-0.480
0.873	49.352	11.014	3.470	1.335	511.763	-0.481
0.874	49.346	11.014	3.486	1.335	510.545	-0.481
0.876	49.340	11.020	3.503	1.327	510.545	-0.482
0.877	49.346	11.008	3.527	1.343	510.545	-0.481
0.879	49.333	11.014	3.544	1.335	509.326	-0.481
0.880	49.327	11.020	3.568	1.327	509.326	-0.482
0.882	49.327	11.020	3.585	1.319	505.671	-0.481
0.883	49.321	11.020	3.601	1.335	508.108	-0.483
0.885	49.321	11.020	3.626	1.335	504.452	-0.482
0.887	49.315	11.020	3.642	1.327	512.982	-0.482
0.888	49.309	11.014	3.675	1.335	508.108	-0.482
0.890	49.309	11.020	3.675	1.327	515.419	-0.481
0.891	49.303	11.026	3.699	1.319	521.511	-0.481
0.893	49.157	11.008	3.724	1.327	527.603	-0.483
0.894	2.752	11.026	3.683	1.335	521.511	-0.476
0.896	-0.146	11.020	3.675	1.335	537.351	-0.480
0.897	-0.292	11.014	3.650	1.327	532.477	-0.483
0.899	-0.292	11.026	3.626	1.327	527.603	-0.482
0.901	-0.298	11.026	3.601	1.327	527.603	-0.483
0.902	-0.311	11.020	3.585	1.335	527.603	-0.482
0.904	-0.311	11.014	3.568	1.327	527.603	-0.483
0.905	-0.292	11.020	3.544	1.343	525.166	-0.482
0.907	-0.292	11.026	3.527	1.327	523.948	-0.482
0.908	-0.298	11.026	3.519	1.327	525.166	-0.482
0.910	-0.298	11.026	3.494	1.335	522.729	-0.483
0.911	-0.292	11.020	3.478	1.327	521.511	-0.483
0.913	-0.298	11.032	3.470	1.327	521.511	-0.483
0.914	-0.298	11.020	3.454	1.335	521.511	-0.482
0.916	-0.292	11.026	3.437	1.335	520.293	-0.486
0.918	-0.298	11.026	3.429	1.327	519.074	-0.482
0.919	-0.286	11.020	3.413	1.327	517.856	-0.482
0.921	-0.292	11.038	3.404	1.335	517.856	-0.483
0.922	-0.298	11.032	3.396	1.327	516.637	-0.481
0.924	-0.304	11.026	3.372	1.335	517.856	-0.483
0.925	-0.292	11.032	3.363	1.335	516.637	-0.482
0.927	-0.286	11.026	3.355	1.327	514.200	-0.486
0.928	-0.286	11.026	3.331	1.327	512.982	-0.484
0.930	-0.274	11.026	3.322	1.335	511.763	-0.484
0.932	-0.292	11.026	3.306	1.327	511.763	-0.484
0.933	-0.292	11.038	3.298	1.343	509.326	-0.484
0.935	-0.280	11.032	3.290	1.335	510.545	-0.486
0.936	-0.292	11.026	3.273	1.343	509.326	-0.483
0.938	-0.274	11.032	3.265	1.327	509.326	-0.486
0.939	-0.280	11.032	3.257	1.343	508.108	-0.482
0.941	-0.280	11.026	3.224	1.327	506.889	-0.486
0.942	-0.280	11.038	3.224	1.335	503.234	-0.483
0.944	-0.274	11.032	3.208	1.335	506.889	-0.484
0.945	-0.280	11.026	3.208	1.335	514.200	-0.482
0.947	-0.280	11.032	3.191	1.335	519.074	-0.484
0.949	-0.268	11.032	3.175	1.327	527.603	-0.484
0.950	-0.280	11.038	3.167	1.335	531.259	-0.484
0.952	-0.274	11.038	3.150	1.335	531.259	-0.487
0.953	-0.268	11.038	3.142	1.327	530.040	-0.484
0.955	-0.274	11.038	3.142	1.335	527.603	-0.486
0.956	-0.280	11.032	3.118	1.327	527.603	-0.484
0.958	-0.268	11.044	3.101	1.327	526.385	-0.487
0.959	-0.262	11.038	3.101	1.327	526.385	-0.486
0.961	-0.268	11.044	3.085	1.335	525.166	-0.486
0.963	-0.274	11.038	3.093	1.335	526.385	-0.483
0.964	-0.268	11.050	3.069	1.327	522.729	-0.484
0.966	-0.274	11.032	3.060	1.335	523.948	-0.484
0.967	-0.268	11.044	3.052	1.327	521.511	-0.484
0.969	-0.268	11.050	3.036	1.335	520.293	-0.483
0.970	-0.256	11.044	3.028	1.327	521.511	-0.484
0.972	-0.262	11.038	3.019	1.327	519.074	-0.484
0.973	-0.256	11.044	3.003	1.335	519.074	-0.486
0.975	-0.262	11.038	3.003	1.327	517.856	-0.484
0.976	-0.262	11.038	2.987	1.335	519.074	-0.484
0.978	-0.256	11.038	2.978	1.327	516.637	-0.486
0.980	-0.256	11.044	2.970	1.335	515.419	-0.484
0.981	-0.262	11.038	2.954	1.335	512.982	-0.486
0.983	-0.256	11.044	2.946	1.335	514.200	-0.486
0.984	-0.250	11.044	2.937	1.335	512.982	-0.484
0.986	-0.256	11.044	2.929	1.335	512.982	-0.482
0.987	-0.250	11.038	2.913	1.327	510.545	-0.484
0.989	-0.256	11.044	2.905	1.327	511.763	-0.483
0.990	-0.256	11.044	2.913	1.335	510.545	-0.484
0.992	-0.256	11.044	2.897	1.335	508.108	-0.483
0.994	-0.250	11.038	2.880	1.327	508.108	-0.484
0.995	-0.256	11.044	2.872	1.343	508.108	-0.484
0.997	-0.244	11.044	2.856	1.343	506.889	-0.483
0.998	-0.244	11.044	2.839	1.327	505.671	-0.482
1.000	-0.250	11.044	2.839	1.335	510.545	-0.482
1.001	-0.244	11.044	2.839	1.343	508.108	-0.482
1.003	-0.237	11.044	2.806	1.335	514.200	-0.484
1.004	-0.250	11.038	2.806	1.335	521.511	-0.482
1.006	-0.237	11.044	2.798	1.327	526.385	-0.483
1.007	-0.237	11.050	2.798	1.343	533.696	-0.482
1.009	-0.237	11.050	2.774	1.327	528.822	-0.484
1.011	-0.244	11.050	2.774	1.343	531.259	-0.482
1.012	-0.244	11.044	2.757	1.335	527.603	-0.482
