Time (ms)	Ch1 V	Ch2 V	Ch1 A	Ch2 A	RPM	Torque
0.000	-27.957	-27.665	-5.442	-3.022	1261.131	0.809
0.002	-0.852	-27.683	-5.434	-3.014	1259.912	0.812
0.003	0.426	-27.714	-5.384	-3.022	1251.383	0.802
0.005	0.493	-27.708	-5.368	-3.022	1255.038	0.807
0.006	0.481	-27.683	-5.327	-3.022	1261.131	0.806
0.008	0.487	-27.702	-5.294	-3.022	1269.660	0.808
0.009	0.475	-27.690	-5.262	-3.014	1272.097	0.808
0.011	0.469	-27.696	-5.229	-3.022	1273.315	0.807
0.012	0.469	-27.683	-5.204	-3.022	1270.878	0.809
0.014	0.475	-27.708	-5.172	-3.014	1267.223	0.807
0.015	0.469	-27.708	-5.147	-3.014	1268.441	0.809
0.017	0.475	-27.690	-5.122	-3.006	1266.005	0.809
0.019	0.469	-27.690	-5.090	-3.014	1264.786	0.807
0.020	0.463	-27.720	-5.073	-3.022	1259.912	0.807
0.022	0.457	-27.726	-5.032	-3.022	1259.912	0.809
0.023	0.451	-27.708	-5.008	-3.014	1257.475	0.809
0.025	0.457	-27.702	-4.991	-3.022	1248.946	0.807
0.026	0.457	-27.665	-4.959	-3.014	1252.601	0.809
0.028	0.451	-27.690	-4.942	-3.022	1255.038	0.807
0.029	0.444	-27.714	-4.918	-3.014	1261.131	0.809
0.031	0.444	-27.714	-4.885	-3.022	1267.223	0.808
0.033	0.438	-27.677	-4.860	-3.006	1273.315	0.811
0.034	0.438	-27.702	-4.844	-3.031	1273.315	0.809
0.036	0.432	-27.720	-4.811	-3.014	1270.878	0.808
0.037	0.426	-27.708	-4.803	-3.014	1270.878	0.807
0.039	0.438	-27.683	-4.770	-3.014	1264.786	0.808
0.040	0.432	-27.708	-4.737	-3.014	1264.786	0.807
0.042	0.432	-27.714	-4.713	-3.014	1263.568	0.808
0.043	0.432	-27.702	-4.705	-3.022	1262.349	0.808
0.045	0.420	-27.690	-4.672	-3.014	1257.475	0.806
0.046	0.420	-27.708	-4.655	-3.006	1255.038	0.808
0.048	0.420	-27.726	-4.631	-3.014	1253.820	0.806
0.050	0.414	-27.714	-4.615	-3.014	1255.038	0.808
0.051	0.426	-27.702	-4.582	-3.014	1255.038	0.806
0.053	0.420	-27.671	-4.565	-3.022	1262.349	0.807
0.054	0.408	-27.683	-4.549	-3.031	1267.223	0.807
0.056	0.402	-27.714	-4.533	-3.006	1273.315	0.807
0.057	0.408	-27.714	-4.508	-3.014	1274.534	0.807
0.059	0.402	-27.690	-4.483	-3.006	1270.878	0.807
0.060	0.414	-27.696	-4.467	-3.031	1268.441	0.808
0.062	0.396	-27.702	-4.443	-3.006	1266.005	0.807
0.064	4.627	-27.702	-4.402	-3.014	1284.282	0.814
0.065	0.548	-27.671	-4.385	-3.022	1263.568	0.807
0.067	0.365	-27.696	-4.361	-3.014	1257.475	0.802
0.068	0.371	-27.726	-4.352	-3.006	1257.475	0.807
0.070	0.365	-27.714	-4.320	-3.014	1259.912	0.809
0.071	0.371	-27.690	-4.303	-3.006	1251.383	0.807
0.073	0.365	-27.683	-4.279	-3.014	1253.820	0.806
0.074	0.371	-27.665	-4.246	-3.014	1255.038	0.807
0.076	0.377	-27.702	-4.238	-3.014	1262.349	0.807
0.077	0.365	-27.720	-4.221	-3.022	1266.005	0.807
0.079	0.371	-27.720	-4.205	-3.014	1272.097	0.807
0.081	0.359	-27.690	-4.172	-3.014	1272.097	0.805
0.082	0.365	-27.720	-4.148	-3.014	1270.878	0.805
0.084	0.353	-27.696	-4.131	-3.014	1267.223	0.806
0.085	0.359	-27.714	-4.107	-3.022	1264.786	0.806
0.087	0.353	-27.696	-4.107	-3.014	1263.568	0.803
0.088	0.353	-27.732	-4.074	-3.022	1263.568	0.803
0.090	0.359	-27.720	-4.058	-3.006	1259.912	0.802
0.091	0.353	-27.708	-4.033	-3.022	1258.694	0.805
0.093	0.347	-27.708	-4.017	-3.022	1256.257	0.805
0.095	0.353	-27.665	-3.992	-3.031	1255.038	0.806
0.096	0.341	-27.696	-3.984	-3.022	1255.038	0.803
0.098	0.341	-27.726	-3.943	-3.006	1256.257	0.805
0.099	0.341	-27.720	-3.943	-3.014	1262.349	0.805
0.101	0.347	-27.690	-3.918	-3.006	1267.223	0.805
0.102	0.335	-27.708	-3.886	-3.022	1273.315	0.805
0.104	0.329	-27.726	-3.869	-3.022	1273.315	0.801
0.105	0.335	-27.708	-3.853	-2.998	1272.097	0.803
0.107	0.335	-27.696	-3.845	-3.022	1269.660	0.803
0.108	0.335	-27.714	-3.820	-3.022	1266.005	0.803
0.110	0.329	-27.720	-3.804	-3.006	1264.786	0.803
0.112	0.329	-27.696	-3.787	-3.006	1262.349	0.805
0.113	0.323	-27.683	-3.754	-3.022	1261.131	0.805
0.115	0.323	-27.714	-3.738	-3.014	1258.694	0.803
0.116	0.329	-27.702	-3.722	-3.014	1257.475	0.803
0.118	0.323	-27.683	-3.714	-3.022	1248.946	0.803
0.119	0.323	-27.690	-3.673	-3.022	1252.601	0.803
0.121	0.317	-27.720	-3.673	-3.022	1257.475	0.805
0.122	0.311	-27.708	-3.648	-3.014	1262.349	0.802
0.124	0.524	-27.690	-3.632	-3.014	1267.223	0.803
0.126	-45.839	-27.690	-3.664	-3.014	1275.752	0.808
0.127	-49.133	-27.708	-3.681	-3.014	1275.752	0.806
0.129	-49.266	-27.714	-3.705	-3.022	1270.878	0.802
0.130	-49.279	-27.683	-3.738	-3.022	1266.005	0.801
0.132	-49.291	-27.690	-3.738	-3.014	1264.786	0.800
0.133	-49.291	-27.726	-3.779	-3.006	1263.568	0.802
0.135	-49.297	-27.696	-3.787	-3.014	1259.912	0.802
0.136	-49.291	-27.677	-3.804	-3.014	1259.912	0.802
0.138	-49.291	-27.708	-3.828	-3.031	1256.257	0.801
0.139	-49.291	-27.714	-3.845	-3.014	1256.257	0.802
0.141	-49.297	-27.708	-3.853	-3.006	1256.257	0.800
0.143	-49.291	-27.683	-3.869	-3.014	1255.038	0.800
0.144	-49.291	-27.702	-3.902	-3.022	1258.694	0.803
0.146	-49.291	-27.702	-3.918	-3.014	1264.786	0.801
0.147	-49.285	-27.690	-3.927	-3.006	1270.878	0.801
0.149	-49.279	-27.683	-3.943	-2.998	1274.534	0.801
0.150	-49.266	-27.708	-3.951	-3.006	1273.315	0.800
0.152	-49.236	-27.726	-3.976	-3.006	1269.660	0.800
0.153	-49.273	-27.708	-3.984	-3.014	1269.660	0.802
0.155	-49.279	-27.696	-3.992	-3.014	1266.005	0.800
0.157	-49.291	-27.720	-4.025	-3.006	1264.786	0.801
0.158	-49.279	-27.708	-4.033	-3.014	1264.786	0.800
0.160	-49.279	-27.696	-4.049	-3.014	1261.131	0.802
0.161	-49.279	-27.702	-4.066	-3.014	1259.912	0.800
0.163	-49.285	-27.708	-4.074	-3.014	1256.257	0.800
0.164	-49.279	-27.702	-4.082	-3.022	1248.946	0.801
0.166	-49.273	-27.683	-4.107	-3.006	1252.601	0.800
0.167	-49.279	-27.714	-4.123	-3.014	1256.257	0.802
0.169	-49.273	-27.720	-4.123	-3.014	1259.912	0.800
0.170	-49.266	-27.702	-4.148	-3.006	1267.223	0.801
0.172	-49.266	-27.690	-4.164	-2.998	1272.097	0.800
0.174	-49.273	-27.702	-4.164	-3.014	1272.097	0.801
0.175	-49.260	-27.726	-4.180	-3.006	1268.441	0.801
0.177	-49.266	-27.720	-4.180	-3.006	1268.441	0.801
0.178	-49.266	-27.702	-4.205	-3.014	1264.786	0.800
0.180	-49.254	-27.708	-4.221	-3.022	1263.568	0.799
0.181	-49.260	-27.696	-4.238	-3.014	1261.131	0.801
0.183	-49.260	-27.683	-4.238	-3.022	1258.694	0.800
0.184	-49.254	-27.690	-4.254	-3.022	1257.475	0.800
0.186	-49.236	-27.726	-4.254	-3.014	1255.038	0.802
0.188	-49.242	-27.738	-4.271	-3.006	1255.038	0.802
0.189	-49.254	-27.714	-4.287	-3.006	1252.601	0.800
0.191	-49.248	-27.696	-4.295	-3.022	1258.694	0.800
0.192	-49.236	-27.677	-4.320	-3.014	1263.568	0.801
0.194	-49.230	-27.702	-4.328	-3.014	1269.660	0.801
0.195	-49.230	-27.726	-4.336	-3.022	1274.534	0.800
0.197	-49.236	-27.732	-4.344	-3.014	1270.878	0.802
0.198	-49.230	-27.708	-4.369	-2.998	1270.878	0.801
0.200	-49.236	-27.708	-4.377	-3.014	1267.223	0.800
0.201	-49.224	-27.683	-4.385	-3.022	1264.786	0.801
0.203	-49.218	-27.702	-4.393	-3.014	1263.568	0.802
0.205	-49.224	-27.738	-4.410	-3.022	1262.349	0.802
0.206	-49.218	-27.732	-4.426	-3.006	1259.912	0.801
0.208	-49.218	-27.702	-4.418	-3.014	1259.912	0.802
0.209	-49.218	-27.726	-4.443	-3.014	1256.257	0.802
0.211	-49.206	-27.726	-4.451	-3.014	1252.601	0.802
0.212	-49.199	-27.714	-4.459	-3.014	1251.383	0.805
0.214	-49.199	-27.714	-4.475	-3.014	1256.257	0.803
0.215	-49.193	-27.726	-4.483	-3.014	1264.786	0.802
0.217	-49.199	-27.726	-4.492	-3.006	1268.441	0.801
0.219	-49.199	-27.714	-4.500	-3.022	1273.315	0.803
0.220	-49.199	-27.702	-4.524	-3.014	1270.878	0.802
0.222	-49.193	-27.720	-4.524	-3.014	1270.878	0.803
0.223	-49.187	-27.726	-4.533	-3.014	1267.223	0.803
0.225	-49.181	-27.690	-4.541	-3.014	1264.786	0.803
0.226	-49.181	-27.708	-4.549	-3.006	1262.349	0.802
0.228	-49.181	-27.732	-4.565	-3.014	1259.912	0.802
0.229	-49.169	-27.720	-4.574	-3.022	1259.912	0.803
0.231	-49.169	-27.708	-4.590	-3.014	1255.038	0.803
0.232	-49.175	-27.714	-4.598	-3.014	1256.257	0.803
0.234	-49.169	-27.720	-4.615	-3.014	1259.912	0.803
0.236	-49.169	-27.708	-4.631	-3.014	1255.038	0.803
0.237	-49.163	-27.696	-4.631	-3.014	1258.694	0.803
0.239	-49.163	-27.720	-4.639	-3.006	1266.005	0.803
0.240	-49.157	-27.744	-4.664	-3.014	1269.660	0.803
0.242	-49.157	-27.744	-4.664	-3.022	1274.534	0.805
0.243	-49.151	-27.726	-4.680	-3.022	1272.097	0.803
0.245	-49.157	-27.714	-4.688	-3.006	1268.441	0.805
0.246	-49.151	-27.714	-4.696	-3.014	1268.441	0.805
0.248	-49.151	-27.738	-4.705	-3.022	1264.786	0.803
0.250	-49.139	-27.726	-4.713	-3.014	1264.786	0.805
0.251	-49.139	-27.708	-4.721	-3.014	1261.131	0.806
0.253	-49.139	-27.708	-4.737	-3.014	1261.131	0.805
0.254	-49.139	-27.744	-4.729	-3.014	1259.912	0.805
0.256	-49.133	-27.757	-4.754	-3.014	1255.038	0.803
0.257	-49.126	-27.738	-4.762	-3.022	1251.383	0.805
0.259	-49.126	-27.744	-4.770	-3.014	1255.038	0.805
0.260	-49.133	-27.714	-4.787	-3.006	1258.694	0.806
0.262	-49.126	-27.732	-4.778	-3.022	1263.568	0.803
0.263	-49.114	-27.714	-4.787	-3.022	1269.660	0.806
0.265	-49.126	-27.702	-4.819	-3.022	1269.660	0.803
0.267	-49.102	-27.690	-4.819	-3.022	1270.878	0.805
0.268	-49.108	-27.714	-4.844	-3.006	1268.441	0.803
0.270	-49.108	-27.732	-4.844	-3.022	1267.223	0.807
0.271	-49.108	-27.726	-4.844	-3.022	1266.005	0.807
0.273	-49.114	-27.708	-4.860	-3.022	1263.568	0.806
0.274	-49.108	-27.732	-4.877	-3.014	1262.349	0.807
0.276	-49.108	-27.732	-4.877	-3.014	1257.475	0.803
0.277	-49.096	-27.720	-4.893	-3.006	1258.694	0.805
0.279	-49.096	-27.720	-4.893	-3.014	1255.038	0.805
0.281	-49.090	-27.738	-4.909	-3.014	1258.694	0.807
0.282	-49.090	-27.726	-4.918	-3.014	1253.820	0.805
0.284	-49.084	-27.708	-4.942	-3.014	1262.349	0.806
0.285	-49.096	-27.714	-4.934	-3.006	1263.568	0.807
0.287	-49.078	-27.738	-4.950	-3.031	1268.441	0.805
0.288	-49.084	-27.738	-4.950	-3.022	1272.097	0.805
0.290	-49.078	-27.714	-4.967	-3.022	1270.878	0.806
0.291	-49.066	-27.726	-4.975	-3.022	1268.441	0.806
0.293	-49.066	-27.744	-4.991	-3.014	1266.005	0.805
0.294	-49.066	-27.738	-4.991	-3.014	1267.223	0.806
0.296	-49.066	-27.714	-4.991	-3.014	1263.568	0.807
0.298	-49.066	-27.732	-5.008	-3.014	1263.568	0.807
0.299	-49.066	-27.732	-5.024	-3.022	1259.912	0.808
0.301	-49.059	-27.744	-5.024	-3.022	1256.257	0.807
0.302	-49.059	-27.738	-5.040	-3.022	1255.038	0.808
0.304	-49.047	-27.726	-5.049	-3.022	1251.383	0.807
0.305	-49.053	-27.708	-5.057	-3.014	1255.038	0.806
0.307	-49.047	-27.732	-5.057	-3.014	1258.694	0.807
0.308	-49.047	-27.726	-5.081	-3.006	1266.005	0.808
0.310	-49.041	-27.714	-5.081	-3.022	1269.660	0.807
0.312	-49.059	-27.714	-5.106	-3.006	1272.097	0.807
0.313	-49.035	-27.738	-5.106	-3.014	1270.878	0.808
0.315	-49.035	-27.726	-5.106	-3.022	1268.441	0.806
0.316	-49.041	-27.702	-5.114	-3.031	1267.223	0.807
0.318	-49.023	-27.696	-5.114	-3.022	1263.568	0.806
0.319	-49.035	-27.671	-5.131	-3.022	1263.568	0.808
0.321	-49.029	-27.696	-5.147	-3.022	1261.131	0.806
0.322	-49.035	-27.732	-5.163	-3.006	1259.912	0.805
0.324	-49.017	-27.720	-5.172	-3.014	1256.257	0.807
0.325	-49.023	-27.708	-5.172	-3.022	1255.038	0.806
0.327	-49.017	-27.726	-5.180	-3.014	1257.475	0.808
0.329	-49.017	-27.738	-5.196	-3.014	1255.038	0.806
0.330	-49.023	-27.726	-5.204	-3.014	1261.131	0.807
0.332	-49.011	-27.708	-5.204	-3.014	1267.223	0.806
0.333	-49.011	-27.732	-5.221	-3.022	1272.097	0.807
0.335	-49.017	-27.732	-5.221	-3.022	1274.534	0.806
0.336	-49.011	-27.726	-5.245	-3.006	1272.097	0.808
0.338	-49.005	-27.714	-5.237	-3.014	1268.441	0.807
0.339	-48.992	-27.732	-5.245	-3.022	1267.223	0.808
0.341	-48.999	-27.720	-5.253	-3.014	1266.005	0.808
0.343	-48.999	-27.702	-5.270	-3.014	1263.568	0.809
0.344	-48.992	-27.702	-5.270	-3.006	1259.912	0.806
0.346	-48.999	-27.726	-5.294	-3.006	1259.912	0.808
0.347	-48.980	-27.714	-5.294	-3.006	1257.475	0.809
0.349	-48.980	-27.708	-5.319	-3.022	1256.257	0.808
0.350	-48.980	-27.714	-5.311	-3.014	1251.383	0.809
0.352	-48.980	-27.720	-5.311	-3.022	1255.038	0.808
0.353	-48.980	-27.720	-5.327	-3.014	1261.131	0.808
0.355	-48.968	-27.671	-5.344	-3.031	1262.349	0.807
0.356	-48.968	-27.708	-5.344	-3.022	1272.097	0.809
0.358	-48.974	-27.732	-5.352	-3.022	1272.097	0.808
0.360	-48.968	-27.714	-5.360	-3.014	1272.097	0.809
0.361	-48.968	-27.696	-5.384	-3.014	1267.223	0.809
0.363	-48.962	-27.702	-5.384	-3.022	1267.223	0.809
0.364	-48.968	-27.683	-5.401	-3.022	1264.786	0.807
0.366	-48.962	-27.714	-5.409	-3.022	1262.349	0.808
0.367	-48.962	-27.702	-5.409	-3.022	1262.349	0.809
0.369	-48.962	-27.677	-5.417	-3.014	1256.257	0.807
0.370	-48.950	-27.677	-5.425	-3.022	1258.694	0.811
0.372	-48.956	-27.659	-5.425	-3.014	1253.820	0.807
0.374	-48.950	-27.683	-5.442	-3.014	1255.038	0.809
0.375	-48.956	-27.702	-5.458	-3.014	1257.475	0.807
0.377	-48.950	-27.683	-5.458	-3.006	1262.349	0.807
0.378	-48.944	-27.671	-5.466	-3.022	1266.005	0.808
0.380	-48.944	-27.671	-5.475	-3.022	1272.097	0.809
0.381	-48.944	-27.659	-5.483	-3.014	1274.534	0.808
0.383	-48.932	-27.671	-5.491	-3.014	1270.878	0.807
0.384	-48.938	-27.665	-5.499	-3.006	1270.878	0.808
0.386	-48.926	-27.647	-5.516	-3.014	1266.005	0.807
0.387	-48.938	-27.629	-5.507	-3.014	1266.005	0.812
0.389	-48.913	-27.647	-5.532	-3.022	1263.568	0.808
0.391	-48.938	-27.665	-5.524	-3.014	1261.131	0.809
0.392	-48.919	-27.647	-5.548	-3.006	1258.694	0.809
0.394	-48.919	-27.623	-5.548	-2.998	1256.257	0.809
0.395	-4.463	-27.574	-5.524	-3.014	1251.383	0.806
0.397	0.256	-27.543	-5.483	-3.006	1256.257	0.813
0.398	0.481	-27.580	-5.450	-2.998	1256.257	0.812
0.400	0.493	-27.525	-5.409	-3.006	1258.694	0.808
0.401	0.493	-27.476	-5.393	-2.990	1263.568	0.809
0.403	0.493	-27.452	-5.360	-2.998	1269.660	0.809
0.405	0.481	-27.452	-5.319	-2.990	1274.534	0.812
0.406	0.481	-27.403	-5.286	-2.990	1269.660	0.811
0.408	0.481	-27.343	-5.245	-2.981	1269.660	0.809
0.409	0.475	-27.336	-5.229	-2.981	1266.005	0.809
0.411	0.475	-27.294	-5.196	-2.981	1263.568	0.808
0.412	0.475	-27.306	-5.172	-2.973	1263.568	0.811
0.414	0.463	-27.269	-5.147	-2.965	1261.131	0.812
0.415	0.463	-27.239	-5.122	-2.973	1261.131	0.809
0.417	0.463	-27.233	-5.090	-2.957	1256.257	0.811
0.418	0.463	-27.227	-5.073	-2.973	1253.820	0.808
0.420	0.463	-27.245	-5.040	-2.965	1255.038	0.809
0.422	0.463	-27.209	-5.016	-2.957	1257.475	0.811
0.423	0.457	-27.202	-5.008	-2.965	1261.131	0.811
0.425	0.457	-27.233	-4.967	-2.965	1268.441	0.811
0.426	0.451	-27.202	-4.950	-2.973	1272.097	0.811
0.428	0.451	-27.172	-4.918	-2.973	1272.097	0.812
0.429	0.444	-27.172	-4.909	-2.973	1273.315	0.809
0.431	0.451	-27.136	-4.868	-2.957	1267.223	0.809
0.432	0.438	-27.160	-4.836	-2.957	1268.441	0.811
0.434	0.444	-27.160	-4.828	-2.949	1264.786	0.811
0.436	0.444	-27.142	-4.787	-2.965	1263.568	0.809
0.437	0.432	-27.123	-4.778	-2.973	1261.131	0.812
0.439	0.432	-27.148	-4.746	-2.965	1258.694	0.812
0.440	0.432	-27.160	-4.737	-2.965	1257.475	0.811
0.442	0.420	-27.136	-4.705	-2.965	1253.820	0.808
0.443	0.426	-27.117	-4.696	-2.957	1253.820	0.812
0.445	0.426	-27.148	-4.655	-2.957	1255.038	0.809
0.446	0.426	-27.129	-4.639	-2.965	1262.349	0.811
0.448	0.426	-27.099	-4.623	-2.965	1266.005	0.811
0.449	0.420	-27.105	-4.590	-2.965	1270.878	0.812
0.451	0.414	-27.062	-4.565	-2.973	1272.097	0.811
0.453	0.402	-27.105	-4.557	-2.957	1269.660	0.809
0.454	0.402	-27.136	-4.524	-2.965	1269.660	0.811
0.456	0.408	-27.129	-4.508	-2.965	1266.005	0.809
0.457	16.999	-27.111	-4.426	-2.981	1263.568	0.806
0.459	1.059	-27.105	-4.451	-2.965	1257.475	0.808
0.460	0.402	-27.081	-4.434	-2.973	1266.005	0.813
0.462	0.371	-27.117	-4.410	-2.965	1256.257	0.809
0.463	0.377	-27.111	-4.393	-2.965	1255.038	0.806
0.465	0.377	-27.099	-4.361	-2.973	1255.038	0.808
0.467	0.377	-27.087	-4.344	-2.973	1256.257	0.809
0.468	0.377	-27.038	-4.336	-2.965	1257.475	0.808
0.470	0.365	-27.075	-4.303	-2.973	1261.131	0.808
0.471	0.371	-27.111	-4.287	-2.965	1266.005	0.808
0.473	0.371	-27.111	-4.271	-2.965	1273.315	0.808
0.474	0.371	-27.093	-4.238	-2.965	1273.315	0.808
0.476	0.371	-27.099	-4.221	-2.973	1269.660	0.807
0.477	0.353	-27.081	-4.197	-2.981	1269.660	0.808
0.479	0.359	-27.093	-4.189	-2.981	1267.223	0.807
0.480	0.359	-27.093	-4.164	-2.965	1264.786	0.808
0.482	0.353	-27.087	-4.148	-2.957	1263.568	0.807
0.484	0.353	-27.062	-4.123	-2.973	1261.131	0.808
0.485	0.353	-27.044	-4.107	-2.965	1259.912	0.807
0.487	0.353	-27.050	-4.082	-2.965	1257.475	0.807
0.488	0.353	-27.099	-4.058	-2.965	1251.383	0.808
0.490	0.353	-27.087	-4.049	-2.973	1253.820	0.807
0.491	0.353	-27.081	-4.017	-2.973	1257.475	0.806
0.493	0.347	-27.062	-3.992	-2.973	1262.349	0.808
0.494	0.353	-27.032	-3.976	-2.957	1268.441	0.807
0.496	0.347	-27.056	-3.967	-2.965	1270.878	0.807
0.498	0.341	-27.093	-3.951	-2.981	1272.097	0.807
0.499	0.335	-27.075	-3.918	-2.965	1269.660	0.807
0.501	0.335	-27.044	-3.902	-2.973	1267.223	0.807
0.502	0.329	-27.050	-3.886	-2.973	1264.786	0.806
0.504	0.335	-27.032	-3.853	-2.965	1264.786	0.807
0.505	0.335	-27.032	-3.853	-2.973	1263.568	0.805
0.507	0.341	-27.020	-3.828	-2.981	1259.912	0.803
0.508	0.335	-27.069	-3.812	-2.973	1258.694	0.807
0.510	0.329	-27.099	-3.779	-2.981	1253.820	0.805
0.511	0.323	-27.081	-3.771	-2.981	1256.257	0.805
0.513	0.323	-27.050	-3.746	-2.965	1252.601	0.803
0.515	0.323	-27.026	-3.730	-2.981	1255.038	0.803
0.516	0.317	-27.026	-3.714	-2.973	1262.349	0.802
0.518	0.311	-26.995	-3.689	-2.973	1269.660	0.805
0.519	-37.151	-27.032	-3.730	-2.973	1261.131	0.795
0.521	-48.676	-27.032	-3.730	-2.973	1268.441	0.801
0.522	-49.230	-27.032	-3.754	-2.973	1269.660	0.803
0.524	-49.260	-26.995	-3.763	-2.973	1270.878	0.805
0.525	-49.279	-27.038	-3.804	-2.981	1268.441	0.806
0.527	-49.279	-27.014	-3.812	-2.973	1261.131	0.802
0.529	-49.291	-27.014	-3.828	-2.973	1262.349	0.803
0.530	-49.285	-27.002	-3.861	-2.973	1259.912	0.805
0.532	-49.279	-26.971	-3.877	-2.973	1258.694	0.803
0.533	-49.273	-26.989	-3.894	-2.973	1257.475	0.803
0.535	-49.285	-27.020	-3.918	-2.981	1250.164	0.802
0.536	-49.279	-26.995	-3.918	-2.973	1252.601	0.805
0.538	-49.279	-26.959	-3.943	-2.981	1257.475	0.803
0.539	-49.285	-26.953	-3.976	-2.973	1263.568	0.806
0.541	-49.285	-26.922	-3.976	-2.965	1266.005	0.802
0.542	-49.279	-26.868	-3.992	-2.981	1272.097	0.805
0.544	-49.285	-26.874	-4.000	-2.973	1269.660	0.803
0.546	-49.260	-26.831	-4.025	-2.973	1269.660	0.805
0.547	-49.236	-26.886	-4.041	-2.981	1267.223	0.802
0.549	-49.266	-26.959	-4.049	-2.981	1264.786	0.803
0.550	-49.254	-27.014	-4.058	-2.965	1263.568	0.802
0.552	-49.266	-27.075	-4.074	-2.981	1261.131	0.802
0.553	-49.273	-27.105	-4.099	-2.973	1259.912	0.801
0.555	-49.266	-27.148	-4.107	-2.990	1256.257	0.801
0.556	-49.266	-27.190	-4.115	-2.981	1256.257	0.803
0.558	-49.260	-27.233	-4.139	-2.990	1253.820	0.801
0.560	-49.266	-27.276	-4.139	-2.990	1255.038	0.802
0.561	-49.266	-27.306	-4.172	-2.998	1259.912	0.801
0.563	-49.260	-27.343	-4.180	-2.990	1264.786	0.803
0.564	-49.260	-27.367	-4.189	-2.990	1269.660	0.802
0.566	-49.254	-27.397	-4.205	-2.981	1274.534	0.802
0.567	-49.254	-27.428	-4.205	-2.981	1272.097	0.803
0.569	-49.254	-27.446	-4.221	-2.981	1268.441	0.802
0.570	-49.254	-27.483	-4.238	-2.990	1268.441	0.803
0.572	-49.242	-27.501	-4.246	-2.973	1266.005	0.802
0.573	-49.254	-27.519	-4.271	-2.973	1264.786	0.805
0.575	-49.254	-27.537	-4.279	-2.990	1262.349	0.803
0.577	-49.242	-27.562	-4.295	-2.981	1259.912	0.803
0.578	-49.242	-27.568	-4.303	-2.981	1257.475	0.803
0.580	-49.236	-27.574	-4.311	-2.990	1257.475	0.806
0.581	-49.236	-27.562	-4.320	-2.981	1251.383	0.803
0.583	-49.236	-27.531	-4.336	-2.973	1252.601	0.805
0.584	-49.230	-27.495	-4.352	-2.981	1259.912	0.805
0.586	-49.230	-27.452	-4.352	-2.981	1264.786	0.803
0.587	-49.224	-27.470	-4.369	-2.981	1269.660	0.806
0.589	-49.224	-27.495	-4.369	-2.981	1272.097	0.803
0.591	-49.230	-27.470	-4.385	-2.973	1272.097	0.805
0.592	-49.218	-27.428	-4.402	-2.973	1269.660	0.803
0.594	-49.218	-27.458	-4.410	-2.973	1267.223	0.805
0.595	-49.212	-27.440	-4.426	-2.981	1266.005	0.803
0.597	-49.206	-27.422	-4.434	-2.981	1266.005	0.803
0.598	-49.206	-27.397	-4.459	-2.981	1261.131	0.803
0.600	-49.206	-27.416	-4.451	-2.981	1258.694	0.803
0.601	-49.218	-27.416	-4.467	-2.973	1257.475	0.805
0.603	-49.199	-27.403	-4.492	-2.981	1256.257	0.805
0.604	-49.206	-27.391	-4.492	-2.981	1258.694	0.805
0.606	-49.199	-27.409	-4.500	-2.990	1255.038	0.806
0.608	-49.193	-27.391	-4.516	-2.973	1259.912	0.805
0.609	-49.199	-27.343	-4.524	-2.981	1266.005	0.805
0.611	-49.193	-27.373	-4.533	-2.990	1270.878	0.806
0.612	-49.181	-27.367	-4.557	-2.981	1272.097	0.806
0.614	-49.181	-27.361	-4.549	-2.981	1273.315	0.803
0.615	-49.187	-27.318	-4.565	-2.965	1269.660	0.805
0.617	-49.187	-27.361	-4.582	-2.973	1268.441	0.806
0.618	-49.181	-27.355	-4.590	-2.990	1266.005	0.805
0.620	-49.169	-27.343	-4.590	-2.973	1264.786	0.805
0.622	-49.175	-27.318	-4.606	-2.973	1259.912	0.805
0.623	-49.175	-27.276	-4.615	-2.990	1259.912	0.805
0.625	-49.163	-27.288	-4.639	-2.981	1258.694	0.807
0.626	-49.163	-27.306	-4.639	-2.973	1256.257	0.806
0.628	-49.169	-27.300	-4.655	-2.981	1252.601	0.805
0.629	-49.157	-27.263	-4.664	-2.990	1252.601	0.807
0.631	-49.163	-27.257	-4.672	-2.990	1257.475	0.805
0.632	-49.151	-27.227	-4.688	-2.990	1266.005	0.807
0.634	-49.151	-27.263	-4.680	-2.981	1267.223	0.806
0.635	-49.151	-27.288	-4.705	-2.973	1272.097	0.806
0.637	-49.145	-27.263	-4.713	-2.973	1272.097	0.807
0.639	-49.151	-27.239	-4.713	-2.981	1270.878	0.807
0.640	-49.145	-27.239	-4.721	-2.990	1266.005	0.806
0.642	-49.133	-27.221	-4.754	-2.981	1266.005	0.806
0.643	-49.145	-27.257	-4.754	-2.990	1264.786	0.807
0.645	-49.133	-27.251	-4.754	-2.981	1261.131	0.807
0.646	-49.126	-27.227	-4.770	-2.973	1262.349	0.807
0.648	-49.133	-27.227	-4.770	-2.981	1257.475	0.807
0.649	-49.126	-27.233	-4.795	-2.981	1253.820	0.806
0.651	-49.126	-27.215	-4.795	-2.990	1261.131	0.805
0.653	-49.126	-27.172	-4.811	-2.981	1253.820	0.807
0.654	-49.120	-27.215	-4.819	-2.973	1259.912	0.807
0.656	-49.108	-27.184	-4.828	-2.990	1263.568	0.806
0.657	-49.114	-27.172	-4.844	-2.990	1273.315	0.808
0.659	-49.108	-27.148	-4.860	-2.998	1272.097	0.806
0.660	-49.114	-27.160	-4.852	-2.990	1272.097	0.807
0.662	-49.108	-27.160	-4.868	-2.981	1270.878	0.806
0.663	-49.108	-27.166	-4.868	-2.981	1267.223	0.808
0.665	-49.084	-27.160	-4.877	-2.981	1268.441	0.806
0.666	-49.096	-27.111	-4.901	-2.981	1264.786	0.806
0.668	-49.096	-27.148	-4.909	-2.990	1261.131	0.807
0.670	-49.090	-27.172	-4.909	-2.990	1259.912	0.809
0.671	-49.084	-27.160	-4.909	-2.990	1257.475	0.807
0.673	-49.090	-27.117	-4.926	-2.990	1253.820	0.809
0.674	-49.084	-27.111	-4.950	-2.998	1252.601	0.807
0.676	-49.072	-27.093	-4.959	-2.990	1253.820	0.808
0.677	-49.084	-27.142	-4.967	-2.998	1258.694	0.809
0.679	-49.072	-27.129	-4.983	-2.981	1263.568	0.808
0.680	-49.072	-27.099	-4.983	-2.990	1269.660	0.808
0.682	-49.072	-27.111	-4.991	-2.990	1272.097	0.807
0.684	-49.066	-27.093	-5.000	-2.998	1270.878	0.809
0.685	-49.066	-27.099	-5.008	-2.998	1269.660	0.808
0.687	-49.059	-27.136	-5.024	-2.981	1266.005	0.809
0.688	-49.059	-27.111	-5.032	-2.981	1264.786	0.808
0.690	-49.059	-27.093	-5.032	-2.990	1263.568	0.806
0.691	-49.059	-27.087	-5.040	-2.981	1262.349	0.808
0.693	-49.059	-27.062	-5.049	-2.998	1257.475	0.806
0.694	-49.053	-27.099	-5.065	-2.981	1257.475	0.811
0.696	-49.047	-27.069	-5.065	-2.990	1253.820	0.807
0.697	-49.041	-27.105	-5.081	-2.990	1262.349	0.808
0.699	-49.041	-27.069	-5.098	-2.990	1255.038	0.808
0.701	-49.047	-27.075	-5.106	-2.981	1261.131	0.808
0.702	-49.047	-27.062	-5.106	-2.990	1264.786	0.808
0.704	-49.035	-27.111	-5.106	-2.998	1272.097	0.808
0.705	-49.035	-27.117	-5.131	-2.981	1273.315	0.809
0.707	-49.029	-27.099	-5.131	-2.990	1274.534	0.808
0.708	-49.029	-27.087	-5.139	-2.990	1269.660	0.809
0.710	-49.035	-27.069	-5.155	-2.990	1268.441	0.809
0.711	-49.017	-27.087	-5.163	-2.990	1267.223	0.809
0.713	-49.023	-27.117	-5.180	-2.998	1263.568	0.809
0.715	-49.017	-27.093	-5.180	-2.973	1263.568	0.811
0.716	-49.017	-27.056	-5.188	-2.990	1259.912	0.809
0.718	-49.005	-27.075	-5.212	-2.990	1259.912	0.809
0.719	-49.011	-27.044	-5.212	-2.981	1256.257	0.808
0.721	-49.011	-27.087	-5.229	-2.990	1252.601	0.809
0.722	-49.017	-27.075	-5.221	-2.981	1255.038	0.809
0.724	-49.005	-27.050	-5.229	-2.998	1261.131	0.809
0.725	-49.005	-27.044	-5.237	-2.981	1263.568	0.809
0.727	-49.005	-27.002	-5.253	-2.990	1269.660	0.809
0.728	-48.999	-27.038	-5.253	-2.990	1274.534	0.809
0.730	-48.999	-27.099	-5.270	-2.990	1269.660	0.811
0.732	-48.992	-27.075	-5.278	-2.998	1268.441	0.809
0.733	-48.992	-27.050	-5.286	-2.981	1268.441	0.811
0.735	-48.986	-27.056	-5.286	-2.998	1266.005	0.811
0.736	-48.974	-27.014	-5.303	-2.981	1262.349	0.808
0.738	-48.986	-27.075	-5.319	-2.998	1261.131	0.809
0.739	-48.980	-27.093	-5.327	-2.990	1258.694	0.809
0.741	-48.974	-27.075	-5.327	-2.990	1256.257	0.809
0.742	-48.968	-27.044	-5.344	-2.990	1253.820	0.809
0.744	-48.986	-27.050	-5.344	-2.990	1258.694	0.811
0.746	-48.974	-27.038	-5.352	-2.998	1256.257	0.811
0.747	-48.968	-27.075	-5.368	-2.998	1258.694	0.811
0.749	-48.968	-27.056	-5.368	-2.990	1266.005	0.809
0.750	-48.968	-27.105	-5.376	-2.998	1270.878	0.811
0.752	-48.962	-27.081	-5.393	-2.990	1273.315	0.811
0.753	-48.962	-27.056	-5.393	-2.998	1270.878	0.811
0.755	-48.962	-27.069	-5.409	-2.990	1268.441	0.809
0.756	-48.950	-27.038	-5.417	-2.981	1267.223	0.809
0.758	-48.956	-27.075	-5.434	-2.990	1266.005	0.811
0.759	-48.950	-27.075	-5.425	-2.998	1264.786	0.811
0.761	-48.944	-27.081	-5.434	-2.998	1262.349	0.811
0.763	-48.956	-27.038	-5.450	-2.990	1259.912	0.809
0.764	-48.944	-27.093	-5.450	-2.998	1257.475	0.811
0.766	-48.944	-27.087	-5.466	-2.998	1255.038	0.812
0.767	-48.932	-27.062	-5.475	-2.998	1253.820	0.813
0.769	-48.932	-27.056	-5.483	-3.006	1256.257	0.812
0.770	-48.944	-27.087	-5.491	-2.990	1259.912	0.813
0.772	-48.938	-27.056	-5.507	-3.006	1263.568	0.812
0.773	-48.932	-27.056	-5.499	-2.998	1269.660	0.813
0.775	-48.926	-27.056	-5.516	-2.990	1270.878	0.812
0.777	-48.932	-27.105	-5.532	-2.998	1270.878	0.813
0.778	-48.926	-27.093	-5.532	-2.998	1268.441	0.812
0.780	-48.907	-27.081	-5.548	-3.006	1266.005	0.812
0.781	-48.919	-27.087	-5.548	-2.998	1266.005	0.812
0.783	-48.919	-27.062	-5.565	-2.998	1261.131	0.812
0.784	-48.919	-27.093	-5.556	-3.014	1261.131	0.812
0.786	-48.919	-27.123	-5.573	-2.998	1258.694	0.811
0.787	-48.913	-27.111	-5.589	-2.998	1257.475	0.812
0.789	-17.607	-27.069	-5.556	-2.998	1253.820	0.808
0.790	-0.365	-27.069	-5.540	-3.014	1256.257	0.809
0.792	0.451	-27.075	-5.507	-2.990	1251.383	0.807
0.794	0.499	-27.123	-5.466	-2.998	1261.131	0.811
0.795	0.493	-27.129	-5.434	-3.006	1268.441	0.812
0.797	0.493	-27.129	-5.401	-2.998	1270.878	0.811
0.798	0.487	-27.093	-5.360	-2.998	1272.097	0.809
0.800	0.493	-27.087	-5.335	-3.006	1270.878	0.809
0.801	0.493	-27.099	-5.303	-2.998	1269.660	0.812
0.803	0.481	-27.142	-5.278	-2.998	1268.441	0.811
0.804	0.475	-27.136	-5.245	-2.998	1264.786	0.812
0.806	0.475	-27.111	-5.221	-3.006	1261.131	0.812
0.808	0.475	-27.117	-5.212	-2.998	1261.131	0.812
0.809	0.469	-27.081	-5.163	-3.014	1258.694	0.813
0.811	0.469	-27.117	-5.147	-3.006	1257.475	0.814
0.812	0.469	-27.123	-5.114	-2.998	1256.257	0.812
0.814	0.469	-27.123	-5.081	-3.006	1251.383	0.811
0.815	0.463	-27.087	-5.073	-3.006	1255.038	0.814
0.817	0.457	-27.105	-5.032	-3.006	1261.131	0.812
0.818	0.463	-27.081	-5.008	-2.998	1266.005	0.812
0.820	0.451	-27.129	-4.975	-3.006	1270.878	0.812
0.821	0.451	-27.099	-4.959	-2.998	1273.315	0.812
0.823	0.444	-27.117	-4.959	-2.998	1272.097	0.813
0.825	0.444	-27.087	-4.926	-3.006	1267.223	0.811
0.826	0.457	-27.123	-4.885	-3.006	1266.005	0.813
0.828	0.444	-27.111	-4.877	-3.006	1263.568	0.813
0.829	0.438	-27.081	-4.844	-2.998	1263.568	0.813
0.831	0.444	-27.099	-4.811	-2.998	1258.694	0.812
0.832	0.444	-27.148	-4.795	-2.998	1257.475	0.812
0.834	0.444	-27.136	-4.770	-3.006	1256.257	0.812
0.835	0.438	-27.099	-4.737	-3.014	1255.038	0.812
0.837	0.432	-27.111	-4.721	-3.022	1255.038	0.812
0.839	0.426	-27.069	-4.713	-3.006	1258.694	0.812
0.840	0.420	-27.123	-4.688	-3.006	1261.131	0.812
0.842	0.420	-27.154	-4.655	-2.998	1268.441	0.811
0.843	0.420	-27.142	-4.639	-2.990	1272.097	0.811
0.845	0.420	-27.111	-4.598	-3.014	1272.097	0.811
0.846	0.408	-27.148	-4.590	-2.998	1268.441	0.812
0.848	0.420	-27.136	-4.565	-2.998	1267.223	0.811
0.849	0.414	-27.111	-4.549	-3.006	1268.441	0.812
0.851	1.011	-27.099	-4.516	-2.998	1264.786	0.809
0.852	3.184	-27.154	-4.492	-3.006	1267.223	0.808
0.854	0.487	-27.142	-4.467	-2.990	1253.820	0.806
0.856	0.365	-27.111	-4.451	-2.998	1257.475	0.809
0.857	0.371	-27.123	-4.426	-2.990	1257.475	0.813
0.859	0.377	-27.178	-4.393	-3.006	1252.601	0.813
0.860	0.371	-27.160	-4.369	-2.998	1252.601	0.811
0.862	0.384	-27.123	-4.369	-2.998	1256.257	0.811
0.863	0.365	-27.148	-4.344	-3.014	1262.349	0.813
0.865	0.371	-27.136	-4.320	-3.006	1266.005	0.808
0.866	0.365	-27.154	-4.279	-3.006	1272.097	0.813
0.868	0.377	-27.123	-4.279	-2.998	1272.097	0.811
0.870	0.365	-27.142	-4.262	-3.006	1272.097	0.809
0.871	0.365	-27.111	-4.238	-3.014	1267.223	0.808
0.873	0.371	-27.160	-4.205	-3.006	1266.005	0.812
0.874	0.359	-27.166	-4.189	-2.998	1264.786	0.811
0.876	0.365	-27.148	-4.172	-3.006	1262.349	0.811
0.877	0.359	-27.142	-4.148	-2.998	1259.912	0.809
0.879	0.359	-27.148	-4.131	-3.006	1256.257	0.809
0.880	0.359	-27.136	-4.115	-3.006	1256.257	0.812
0.882	0.347	-27.190	-4.082	-3.006	1252.601	0.808
0.883	0.353	-27.178	-4.074	-3.006	1255.038	0.809
0.885	0.347	-27.166	-4.049	-3.006	1256.257	0.809
0.887	0.353	-27.160	-4.033	-3.006	1264.786	0.809
0.888	0.347	-27.166	-4.008	-2.998	1268.441	0.809
0.890	0.341	-27.178	-3.984	-2.998	1272.097	0.811
0.891	0.347	-27.154	-3.959	-2.998	1274.534	0.809
0.893	0.341	-27.160	-3.951	-2.998	1270.878	0.809
0.894	0.335	-27.123	-3.918	-3.006	1269.660	0.811
0.896	0.335	-27.178	-3.910	-3.006	1268.441	0.808
0.897	0.335	-27.202	-3.902	-2.998	1264.786	0.811
0.899	0.335	-27.184	-3.853	-3.006	1262.349	0.809
0.901	0.335	-27.154	-3.836	-3.006	1261.131	0.811
0.902	0.323	-27.190	-3.828	-3.006	1257.475	0.809
0.904	0.329	-27.172	-3.804	-3.006	1257.475	0.811
0.905	0.329	-27.172	-3.787	-2.998	1250.164	0.808
0.907	0.317	-27.160	-3.771	-3.006	1252.601	0.809
0.908	0.329	-27.209	-3.730	-3.006	1257.475	0.809
0.910	0.317	-27.190	-3.730	-3.006	1263.568	0.809
0.911	0.323	-27.172	-3.714	-2.998	1269.660	0.808
0.913	-5.857	-27.184	-3.714	-3.006	1273.315	0.809
0.914	-47.063	-27.178	-3.746	-3.006	1280.626	0.814
0.916	-49.169	-27.178	-3.754	-3.014	1269.660	0.808
0.918	-49.266	-27.160	-3.763	-2.998	1267.223	0.807
0.919	-49.260	-27.178	-3.787	-2.990	1263.568	0.806
0.921	-49.285	-27.209	-3.804	-3.006	1264.786	0.809
0.922	-49.285	-27.184	-3.845	-2.998	1262.349	0.807
0.924	-49.273	-27.160	-3.853	-2.998	1261.131	0.807
0.925	-49.279	-27.202	-3.869	-3.006	1257.475	0.805
0.927	-49.285	-27.227	-3.886	-3.006	1256.257	0.808
0.928	-49.279	-27.215	-3.902	-2.998	1253.820	0.808
0.930	-49.285	-27.184	-3.927	-2.998	1251.383	0.805
0.932	-49.285	-27.215	-3.943	-3.006	1258.694	0.807
0.933	-49.279	-27.178	-3.951	-2.998	1263.568	0.807
0.935	-49.279	-27.221	-3.976	-2.998	1269.660	0.807
0.936	-49.279	-27.190	-3.992	-3.006	1273.315	0.805
0.938	-49.273	-27.227	-4.000	-3.006	1273.315	0.805
0.939	-49.248	-27.227	-4.008	-2.998	1269.660	0.807
0.941	-49.236	-27.196	-4.041	-3.006	1268.441	0.807
0.942	-49.266	-27.209	-4.058	-3.014	1268.441	0.807
0.944	-49.273	-27.251	-4.058	-2.998	1261.131	0.806
0.945	-49.266	-27.227	-4.066	-3.006	1262.349	0.806
0.947	-49.273	-27.196	-4.082	-3.014	1262.349	0.806
0.949	-49.273	-27.215	-4.090	-3.006	1258.694	0.807
0.950	-49.273	-27.245	-4.107	-3.006	1256.257	0.807
0.952	-49.266	-27.227	-4.123	-3.006	1248.946	0.807
0.953	-49.260	-27.196	-4.139	-3.006	1250.164	0.807
0.955	-49.273	-27.184	-4.139	-2.998	1257.475	0.807
0.956	-49.260	-27.172	-4.156	-2.998	1262.349	0.808
0.958	-49.260	-27.227	-4.172	-2.998	1267.223	0.808
0.959	-49.254	-27.263	-4.180	-3.006	1274.534	0.808
0.961	-49.248	-27.251	-4.197	-3.006	1269.660	0.806
0.963	-49.260	-27.221	-4.213	-3.006	1269.660	0.807
0.964	-49.260	-27.263	-4.230	-2.998	1267.223	0.806
0.966	-49.248	-27.239	-4.230	-3.006	1267.223	0.808
0.967	-49.254	-27.233	-4.238	-3.006	1263.568	0.807
0.969	-49.242	-27.233	-4.254	-3.006	1262.349	0.807
0.970	-49.248	-27.257	-4.271	-2.998	1259.912	0.808
0.972	-49.248	-27.245	-4.295	-3.006	1258.694	0.807
0.973	-49.248	-27.215	-4.287	-2.998	1256.257	0.807
0.975	-49.236	-27.239	-4.320	-3.006	1256.257	0.805
0.976	-49.230	-27.288	-4.320	-3.006	1255.038	0.807
0.978	-49.230	-27.276	-4.328	-3.006	1259.912	0.807
0.980	-49.224	-27.269	-4.344	-2.998	1264.786	0.806
0.981	-49.236	-27.269	-4.344	-3.014	1268.441	0.803
0.983	-49.230	-27.227	-4.361	-2.998	1274.534	0.805
0.984	-49.218	-27.276	-4.369	-3.014	1272.097	0.807
0.986	-49.224	-27.294	-4.385	-2.998	1272.097	0.807
0.987	-49.218	-27.276	-4.393	-3.006	1269.660	0.807
0.989	-49.224	-27.251	-4.402	-2.998	1266.005	0.808
0.990	-49.224	-27.294	-4.418	-2.998	1264.786	0.808
0.992	-49.212	-27.282	-4.443	-3.014	1262.349	0.808
0.994	-49.206	-27.269	-4.434	-3.006	1261.131	0.809
0.995	-49.206	-27.251	-4.459	-3.006	1256.257	0.808
0.997	-49.212	-27.288	-4.459	-3.006	1255.038	0.808
0.998	-49.212	-27.288	-4.467	-2.998	1248.946	0.808
1.000	-49.199	-27.263	-4.483	-2.998	1252.601	0.807
1.001	-49.193	-27.269	-4.500	-3.014	1257.475	0.809
1.003	-49.193	-27.300	-4.500	-3.006	1262.349	0.809
1.004	-49.187	-27.288	-4.516	-3.006	1268.441	0.809
1.006	-49.193	-27.257	-4.524	-2.998	1272.097	0.809
1.007	-49.187	-27.282	-4.533	-2.998	1272.097	0.807
1.009	-49.187	-27.288	-4.541	-3.006	1268.441	0.809
1.011	-49.187	-27.294	-4.565	-3.006	1268.441	0.811
1.012	-49.175	-27.257	-4.565	-2.998	1266.005	0.808
