Time (ms)	Ch1 V	Ch2 V	Ch1 A	Ch2 A	RPM	Torque
0.000	48.950	28.511	5.501	3.203	1304.996	-0.924
0.002	3.951	28.493	5.485	3.194	1302.559	-0.923
0.003	-0.237	28.469	5.436	3.194	1303.778	-0.921
0.005	-0.420	28.463	5.403	3.194	1301.341	-0.920
0.006	-0.438	28.487	5.362	3.211	1295.248	-0.924
0.008	-0.444	28.518	5.337	3.186	1294.030	-0.924
0.009	-0.438	28.499	5.305	3.186	1291.593	-0.923
0.011	-0.438	28.481	5.272	3.194	1292.811	-0.923
0.012	-0.438	28.499	5.239	3.211	1297.685	-0.924
0.014	-0.432	28.493	5.215	3.203	1303.778	-0.925
0.015	-0.426	28.481	5.165	3.203	1307.433	-0.925
0.017	-0.432	28.469	5.157	3.194	1312.307	-0.925
0.019	-0.432	28.505	5.133	3.211	1309.870	-0.925
0.020	-0.432	28.511	5.092	3.203	1307.433	-0.925
0.022	-0.426	28.487	5.084	3.203	1306.214	-0.925
0.023	-0.420	28.469	5.043	3.203	1303.778	-0.925
0.025	-0.414	28.426	5.018	3.203	1301.341	-0.924
0.026	-0.420	28.457	5.010	3.194	1300.122	-0.925
0.028	-0.414	28.481	4.969	3.211	1298.904	-0.924
0.029	-0.414	28.481	4.961	3.203	1295.248	-0.926
0.031	-0.426	28.445	4.920	3.194	1292.811	-0.925
0.033	-0.414	28.475	4.895	3.194	1292.811	-0.926
0.034	-0.414	28.481	4.879	3.203	1297.685	-0.925
0.036	-0.414	28.451	4.854	3.194	1303.778	-0.925
0.037	-0.402	28.426	4.821	3.203	1307.433	-0.925
0.039	-0.408	28.475	4.813	3.203	1312.307	-0.924
0.040	-0.402	28.469	4.780	3.194	1309.870	-0.925
0.042	-0.396	28.445	4.756	3.203	1309.870	-0.925
0.043	-0.402	28.445	4.715	3.211	1309.870	-0.924
0.045	-0.402	28.438	4.707	3.203	1307.433	-0.924
0.046	-0.390	28.432	4.682	3.203	1302.559	-0.924
0.048	-0.390	28.390	4.649	3.203	1301.341	-0.925
0.050	-0.396	28.432	4.658	3.211	1298.904	-0.925
0.051	-0.390	28.457	4.617	3.203	1297.685	-0.926
0.053	-0.384	28.438	4.600	3.211	1296.467	-0.923
0.054	-0.390	28.408	4.567	3.203	1292.811	-0.925
0.056	-0.384	28.390	4.551	3.203	1292.811	-0.924
0.057	-0.377	28.384	4.527	3.219	1297.685	-0.924
0.059	-6.423	28.420	4.567	3.211	1322.055	-0.912
0.060	-0.749	28.426	4.469	3.203	1312.307	-0.920
0.062	-0.432	28.408	4.445	3.203	1311.088	-0.926
0.064	-0.402	28.402	4.445	3.211	1306.214	-0.928
0.065	-0.384	28.414	4.395	3.203	1311.088	-0.924
0.067	-0.377	28.396	4.387	3.203	1306.214	-0.924
0.068	-0.377	28.365	4.371	3.203	1302.559	-0.925
0.070	-0.384	28.396	4.346	3.203	1302.559	-0.924
0.071	-0.384	28.408	4.322	3.211	1298.904	-0.925
0.073	-0.377	28.390	4.305	3.203	1297.685	-0.923
0.074	-0.371	28.359	4.289	3.194	1295.248	-0.924
0.076	-0.371	28.359	4.256	3.203	1295.248	-0.924
0.077	-0.371	28.347	4.240	3.211	1291.593	-0.924
0.079	-0.365	28.390	4.207	3.194	1298.904	-0.924
0.081	-0.359	28.408	4.191	3.203	1302.559	-0.923
0.082	-0.359	28.396	4.166	3.194	1306.214	-0.924
0.084	-0.365	28.365	4.158	3.203	1312.307	-0.920
0.085	-0.359	28.329	4.133	3.203	1311.088	-0.924
0.087	-0.365	28.347	4.117	3.194	1311.088	-0.921
0.088	-0.359	28.378	4.084	3.211	1307.433	-0.923
0.090	-0.353	28.359	4.068	3.203	1304.996	-0.924
0.091	-0.347	28.317	4.060	3.203	1302.559	-0.924
0.093	-0.347	28.304	4.035	3.211	1302.559	-0.924
0.095	-0.341	28.304	4.010	3.203	1298.904	-0.923
0.096	-0.341	28.347	3.994	3.203	1296.467	-0.923
0.098	-0.341	28.329	3.986	3.203	1296.467	-0.921
0.099	-0.341	28.292	3.953	3.203	1291.593	-0.924
0.101	-0.341	28.250	3.937	3.203	1292.811	-0.923
0.102	-0.341	28.219	3.904	3.211	1296.467	-0.921
0.104	-0.335	28.158	3.888	3.203	1302.559	-0.920
0.105	-0.335	28.195	3.879	3.203	1308.651	-0.923
0.107	-0.341	28.250	3.855	3.211	1312.307	-0.920
0.108	-0.329	28.317	3.830	3.194	1309.870	-0.921
0.110	-0.329	28.365	3.814	3.219	1308.651	-0.924
0.112	-0.329	28.420	3.789	3.211	1306.214	-0.923
0.113	-0.323	28.426	3.773	3.211	1302.559	-0.923
0.115	-0.244	28.457	3.748	3.211	1306.214	-0.920
0.116	46.143	28.518	3.773	3.203	1302.559	-0.918
0.118	49.151	28.548	3.806	3.211	1301.341	-0.919
0.119	49.266	28.585	3.822	3.211	1294.030	-0.924
0.121	49.279	28.615	3.838	3.203	1294.030	-0.923
0.122	49.291	28.639	3.871	3.203	1292.811	-0.921
0.124	49.285	28.670	3.863	3.194	1300.122	-0.920
0.126	49.291	28.688	3.896	3.203	1301.341	-0.921
0.127	49.291	28.706	3.912	3.211	1307.433	-0.920
0.129	49.285	28.731	3.937	3.203	1312.307	-0.920
0.130	49.285	28.761	3.953	3.211	1311.088	-0.921
0.132	49.273	28.779	3.961	3.194	1309.870	-0.920
0.133	49.285	28.792	3.978	3.203	1307.433	-0.921
0.135	49.285	28.804	4.002	3.203	1304.996	-0.921
0.136	49.285	28.828	4.019	3.211	1302.559	-0.921
0.138	49.285	28.834	4.035	3.203	1302.559	-0.920
0.139	49.285	28.828	4.043	3.194	1298.904	-0.921
0.141	49.285	28.798	4.060	3.203	1297.685	-0.921
0.143	49.291	28.767	4.076	3.203	1295.248	-0.920
0.144	49.285	28.712	4.084	3.194	1291.593	-0.921
0.146	49.291	28.718	4.101	3.203	1294.030	-0.920
0.147	49.273	28.743	4.109	3.203	1297.685	-0.921
0.149	49.273	28.725	4.125	3.194	1302.559	-0.920
0.150	49.279	28.688	4.142	3.194	1307.433	-0.923
0.152	49.279	28.688	4.150	3.203	1312.307	-0.921
0.153	49.273	28.700	4.150	3.203	1308.651	-0.923
0.155	49.279	28.694	4.183	3.203	1307.433	-0.921
0.157	49.273	28.676	4.174	3.211	1304.996	-0.921
0.158	49.273	28.676	4.191	3.194	1304.996	-0.920
0.160	49.260	28.694	4.207	3.211	1300.122	-0.923
0.161	49.273	28.676	4.223	3.203	1300.122	-0.921
0.163	49.273	28.645	4.256	3.194	1298.904	-0.921
0.164	49.260	28.645	4.232	3.203	1294.030	-0.923
0.166	49.266	28.621	4.256	3.203	1294.030	-0.921
0.167	49.260	28.645	4.264	3.211	1292.811	-0.921
0.169	49.260	28.652	4.281	3.211	1300.122	-0.921
0.170	49.260	28.633	4.297	3.203	1302.559	-0.921
0.172	49.248	28.603	4.314	3.203	1308.651	-0.923
0.174	49.242	28.621	4.305	3.211	1311.088	-0.919
0.175	49.199	28.597	4.330	3.178	1312.307	-0.919
0.177	49.218	28.554	4.338	3.186	1308.651	-0.920
0.178	49.230	28.578	4.346	3.203	1307.433	-0.920
0.180	49.242	28.591	4.355	3.186	1306.214	-0.921
0.181	49.236	28.572	4.379	3.211	1302.559	-0.921
0.183	49.236	28.530	4.379	3.211	1302.559	-0.921
0.184	49.248	28.548	4.387	3.203	1298.904	-0.923
0.186	49.236	28.548	4.404	3.194	1298.904	-0.921
0.188	49.236	28.536	4.412	3.194	1295.248	-0.920
0.189	49.236	28.511	4.420	3.203	1292.811	-0.921
0.191	49.224	28.536	4.436	3.203	1291.593	-0.921
0.192	49.230	28.518	4.453	3.194	1298.904	-0.921
0.194	49.224	28.487	4.445	3.194	1303.778	-0.923
0.195	49.224	28.493	4.453	3.211	1309.870	-0.921
0.197	49.218	28.524	4.469	3.203	1311.088	-0.923
0.198	49.212	28.505	4.486	3.203	1307.433	-0.924
0.200	49.212	28.463	4.494	3.203	1307.433	-0.921
0.201	49.206	28.481	4.510	3.194	1302.559	-0.924
0.203	49.206	28.451	4.518	3.211	1303.778	-0.923
0.205	49.212	28.445	4.510	3.203	1302.559	-0.924
0.206	49.199	28.426	4.535	3.194	1297.685	-0.921
0.208	49.212	28.463	4.551	3.194	1296.467	-0.921
0.209	49.206	28.445	4.551	3.194	1294.030	-0.923
0.211	49.199	28.414	4.567	3.211	1294.030	-0.921
0.212	49.199	28.408	4.576	3.203	1294.030	-0.923
0.214	49.199	28.371	4.592	3.203	1296.467	-0.924
0.215	49.199	28.402	4.600	3.194	1302.559	-0.921
0.217	49.193	28.432	4.608	3.194	1307.433	-0.921
0.219	49.193	28.420	4.608	3.194	1312.307	-0.923
0.220	49.187	28.384	4.633	3.194	1312.307	-0.923
0.222	49.193	28.359	4.641	3.211	1311.088	-0.923
0.223	49.181	28.341	4.633	3.203	1309.870	-0.923
0.225	49.181	28.396	4.658	3.203	1306.214	-0.921
0.226	49.175	28.384	4.658	3.194	1302.559	-0.924
0.228	49.169	28.371	4.674	3.203	1301.341	-0.923
0.229	49.169	28.353	4.674	3.203	1297.685	-0.923
0.231	49.169	28.329	4.699	3.203	1295.248	-0.923
0.232	49.169	28.341	4.699	3.203	1295.248	-0.923
0.234	49.163	28.384	4.707	3.211	1291.593	-0.924
0.236	49.169	28.371	4.723	3.203	1294.030	-0.920
0.237	49.163	28.335	4.715	3.203	1297.685	-0.923
0.239	49.163	28.329	4.731	3.211	1302.559	-0.923
0.240	49.163	28.298	4.756	3.203	1308.651	-0.924
0.242	49.157	28.347	4.739	3.211	1312.307	-0.923
0.243	49.157	28.353	4.764	3.211	1308.651	-0.925
0.245	49.157	28.323	4.780	3.211	1308.651	-0.924
0.246	49.151	28.298	4.780	3.211	1303.778	-0.925
0.248	49.151	28.335	4.780	3.194	1302.559	-0.925
0.250	49.145	28.335	4.805	3.194	1301.341	-0.924
0.251	49.145	28.304	4.805	3.203	1298.904	-0.925
0.253	49.139	28.292	4.813	3.203	1296.467	-0.925
0.254	49.133	28.238	4.821	3.194	1292.811	-0.925
0.256	49.145	28.274	4.830	3.211	1295.248	-0.925
0.257	49.133	28.311	4.838	3.203	1294.030	-0.924
0.259	49.133	28.292	4.854	3.203	1298.904	-0.924
0.260	49.133	28.256	4.846	3.211	1302.559	-0.925
0.262	49.120	28.280	4.871	3.203	1309.870	-0.925
0.263	49.120	28.262	4.871	3.203	1313.525	-0.925
0.265	49.126	28.244	4.887	3.203	1313.525	-0.924
0.267	49.126	28.231	4.895	3.194	1311.088	-0.924
0.268	49.114	28.274	4.903	3.194	1304.996	-0.925
0.270	49.114	28.274	4.911	3.203	1307.433	-0.926
0.271	49.108	28.250	4.928	3.203	1302.559	-0.926
0.273	49.108	28.238	4.928	3.194	1302.559	-0.925
0.274	49.114	28.219	4.944	3.211	1298.904	-0.925
0.276	49.108	28.225	4.944	3.203	1297.685	-0.925
0.277	49.096	28.274	4.969	3.211	1294.030	-0.926
0.279	49.096	28.244	4.969	3.194	1292.811	-0.925
0.281	49.096	28.201	4.961	3.211	1292.811	-0.928
0.282	49.090	28.231	4.977	3.194	1298.904	-0.925
0.284	49.096	28.256	4.985	3.211	1303.778	-0.926
0.285	49.090	28.225	4.985	3.211	1307.433	-0.926
0.287	49.084	28.195	5.002	3.211	1312.307	-0.926
0.288	49.084	28.231	5.010	3.203	1308.651	-0.929
0.290	49.090	28.238	5.026	3.203	1307.433	-0.926
0.291	49.078	28.213	5.026	3.211	1304.996	-0.929
0.293	49.078	28.201	5.034	3.194	1304.996	-0.928
0.294	49.084	28.225	5.051	3.194	1301.341	-0.925
0.296	49.072	28.201	5.051	3.203	1300.122	-0.929
0.298	49.078	28.164	5.059	3.203	1298.904	-0.928
0.299	49.072	28.201	5.075	3.203	1294.030	-0.926
0.301	49.072	28.238	5.084	3.203	1300.122	-0.926
0.302	49.066	28.213	5.092	3.203	1294.030	-0.930
0.304	49.066	28.189	5.092	3.194	1297.685	-0.928
0.305	49.066	28.195	5.100	3.194	1303.778	-0.930
0.307	49.059	28.152	5.116	3.203	1311.088	-0.926
0.308	49.053	28.207	5.133	3.203	1312.307	-0.929
0.310	49.053	28.231	5.124	3.203	1312.307	-0.929
0.312	49.053	28.219	5.141	3.194	1308.651	-0.929
0.313	49.053	28.183	5.149	3.203	1309.870	-0.930
0.315	49.047	28.171	5.149	3.194	1304.996	-0.928
0.316	49.041	28.164	5.174	3.203	1302.559	-0.929
0.318	49.053	28.225	5.165	3.194	1301.341	-0.926
0.319	49.047	28.201	5.174	3.194	1298.904	-0.930
0.321	49.035	28.195	5.198	3.203	1296.467	-0.928
0.322	49.035	28.177	5.190	3.203	1295.248	-0.929
0.324	49.047	28.140	5.206	3.203	1294.030	-0.926
0.325	49.029	28.183	5.206	3.203	1294.030	-0.930
0.327	49.023	28.231	5.215	3.203	1301.341	-0.929
0.329	49.035	28.213	5.223	3.203	1304.996	-0.930
0.330	49.035	28.171	5.231	3.194	1309.870	-0.930
0.332	49.023	28.158	5.239	3.203	1311.088	-0.928
0.333	49.029	28.146	5.256	3.194	1309.870	-0.930
0.335	49.017	28.201	5.264	3.203	1307.433	-0.929
0.336	49.011	28.213	5.256	3.211	1304.996	-0.929
0.338	49.017	28.189	5.272	3.211	1304.996	-0.928
0.339	49.011	28.164	5.280	3.211	1301.341	-0.930
0.341	49.011	28.134	5.280	3.194	1297.685	-0.929
0.343	49.005	28.146	5.280	3.203	1295.248	-0.931
0.344	49.011	28.201	5.296	3.211	1295.248	-0.930
0.346	49.011	28.207	5.305	3.203	1296.467	-0.929
0.347	49.011	28.189	5.313	3.194	1294.030	-0.930
0.349	48.999	28.189	5.321	3.203	1298.904	-0.931
0.350	48.999	28.158	5.329	3.211	1303.778	-0.930
0.352	48.999	28.177	5.346	3.203	1309.870	-0.929
0.353	48.999	28.219	5.346	3.203	1313.525	-0.928
0.355	48.992	28.201	5.354	3.203	1312.307	-0.930
0.356	48.999	28.158	5.354	3.211	1308.651	-0.930
0.358	48.980	28.213	5.362	3.203	1307.433	-0.929
0.360	48.992	28.238	5.378	3.203	1306.214	-0.928
0.361	48.980	28.225	5.387	3.203	1303.778	-0.928
0.363	48.986	28.189	5.395	3.203	1302.559	-0.929
0.364	48.980	28.171	5.411	3.203	1300.122	-0.930
0.366	48.974	28.171	5.419	3.211	1295.248	-0.930
0.367	48.980	28.225	5.419	3.203	1296.467	-0.929
0.369	48.974	28.207	5.428	3.211	1292.811	-0.928
0.370	48.974	28.177	5.436	3.211	1292.811	-0.931
0.372	48.974	28.171	5.444	3.194	1298.904	-0.930
0.374	48.962	28.134	5.452	3.211	1303.778	-0.931
0.375	48.962	28.183	5.460	3.203	1308.651	-0.931
0.377	48.968	28.231	5.460	3.219	1309.870	-0.929
0.378	48.968	28.231	5.485	3.203	1309.870	-0.930
0.380	48.962	28.201	5.493	3.203	1304.996	-0.932
0.381	48.956	28.207	5.485	3.203	1304.996	-0.930
0.383	48.956	28.171	5.493	3.211	1302.559	-0.931
0.384	48.956	28.219	5.501	3.211	1304.996	-0.929
0.386	48.956	28.219	5.518	3.211	1298.904	-0.931
0.387	48.950	28.201	5.526	3.211	1297.685	-0.930
0.389	48.950	28.183	5.534	3.194	1296.467	-0.930
0.391	48.938	28.238	5.534	3.203	1300.122	-0.931
0.392	48.944	28.219	5.542	3.203	1294.030	-0.931
0.394	48.950	28.207	5.550	3.203	1298.904	-0.929
0.395	15.142	28.207	5.485	3.211	1300.122	-0.932
0.397	0.323	28.262	5.493	3.219	1307.433	-0.931
0.398	-0.414	28.231	5.468	3.211	1309.870	-0.931
0.400	-0.444	28.225	5.428	3.211	1312.307	-0.929
0.401	-0.451	28.219	5.387	3.211	1309.870	-0.930
0.403	-0.451	28.250	5.362	3.211	1306.214	-0.930
0.405	-0.451	28.231	5.337	3.211	1303.778	-0.930
0.406	-0.438	28.189	5.296	3.203	1302.559	-0.930
0.408	-0.438	28.207	5.264	3.203	1302.559	-0.931
0.409	-0.438	28.177	5.247	3.211	1300.122	-0.930
0.411	-0.432	28.231	5.215	3.211	1297.685	-0.930
0.412	-0.432	28.274	5.198	3.211	1295.248	-0.930
0.414	-0.432	28.268	5.157	3.203	1292.811	-0.929
0.415	-0.426	28.231	5.124	3.203	1294.030	-0.934
0.417	-0.426	28.207	5.108	3.219	1300.122	-0.931
0.418	-0.432	28.207	5.075	3.211	1306.214	-0.931
0.420	-0.420	28.268	5.059	3.211	1309.870	-0.931
0.422	-0.420	28.268	5.026	3.203	1311.088	-0.932
0.423	-0.414	28.256	5.002	3.194	1308.651	-0.931
0.425	-0.420	28.231	4.985	3.211	1307.433	-0.931
0.426	-0.420	28.195	4.952	3.211	1306.214	-0.931
0.428	-0.414	28.225	4.928	3.194	1302.559	-0.930
0.429	-0.402	28.286	4.903	3.203	1300.122	-0.932
0.431	-0.414	28.268	4.871	3.203	1298.904	-0.929
0.432	-0.402	28.244	4.854	3.219	1297.685	-0.930
0.434	-0.402	28.262	4.838	3.211	1294.030	-0.930
0.436	-0.408	28.262	4.797	3.211	1300.122	-0.929
0.437	-0.402	28.256	4.789	3.203	1294.030	-0.931
0.439	-0.402	28.219	4.756	3.203	1300.122	-0.930
0.440	-0.396	28.268	4.739	3.219	1303.778	-0.930
0.442	-0.402	28.286	4.715	3.211	1309.870	-0.930
0.443	-0.396	28.280	4.682	3.219	1311.088	-0.930
0.445	-0.396	28.250	4.674	3.203	1312.307	-0.930
0.446	-0.396	28.298	4.649	3.203	1308.651	-0.926
0.448	-0.396	28.286	4.625	3.203	1304.996	-0.931
0.449	-0.371	28.262	4.600	3.203	1304.996	-0.929
0.451	-0.390	28.268	4.584	3.211	1302.559	-0.926
0.453	-18.697	28.311	4.535	3.219	1301.341	-0.930
0.454	-1.583	28.274	4.527	3.211	1281.845	-0.937
0.456	-0.469	28.244	4.510	3.203	1296.467	-0.928
0.457	-0.414	28.268	4.486	3.194	1298.904	-0.928
0.459	-0.402	28.311	4.461	3.211	1292.811	-0.929
0.460	-0.384	28.256	4.428	3.211	1290.374	-0.931
0.462	-0.377	28.225	4.412	3.203	1298.904	-0.929
0.463	-0.384	28.219	4.395	3.211	1304.996	-0.928
0.465	-0.377	28.201	4.379	3.203	1309.870	-0.930
0.467	-0.390	28.177	4.363	3.194	1309.870	-0.930
0.468	-0.384	28.146	4.330	3.194	1307.433	-0.930
0.470	-0.371	28.171	4.305	3.194	1306.214	-0.930
0.471	-0.371	28.207	4.289	3.186	1306.214	-0.929
0.473	-0.371	28.189	4.256	3.186	1303.778	-0.928
0.474	-0.377	28.152	4.248	3.178	1300.122	-0.930
0.476	-0.371	28.177	4.215	3.194	1300.122	-0.928
0.477	-0.365	28.152	4.199	3.194	1296.467	-0.930
0.479	-0.359	28.128	4.183	3.186	1295.248	-0.928
0.480	-0.353	28.122	4.158	3.194	1300.122	-0.929
0.482	-0.353	28.183	4.142	3.194	1295.248	-0.930
0.484	-0.353	28.183	4.117	3.178	1298.904	-0.928
0.485	-0.359	28.164	4.101	3.194	1303.778	-0.928
0.487	-0.353	28.146	4.084	3.186	1311.088	-0.928
0.488	-0.347	28.110	4.060	3.170	1313.525	-0.929
0.490	-0.347	28.146	4.035	3.186	1312.307	-0.926
0.491	-0.347	28.171	4.027	3.194	1308.651	-0.930
0.493	-0.341	28.152	3.994	3.194	1308.651	-0.926
0.494	-0.335	28.116	3.970	3.203	1303.778	-0.928
0.496	-0.341	28.152	3.953	3.186	1304.996	-0.928
0.498	-0.341	28.134	3.937	3.186	1298.904	-0.929
0.499	-0.341	28.110	3.929	3.178	1297.685	-0.928
0.501	-0.335	28.097	3.904	3.194	1296.467	-0.925
0.502	-0.341	28.152	3.888	3.194	1294.030	-0.928
0.504	-0.329	28.158	3.855	3.186	1292.811	-0.926
0.505	-0.335	28.158	3.822	3.194	1294.030	-0.928
0.507	-0.335	28.134	3.814	3.178	1300.122	-0.926
0.508	-0.329	28.104	3.798	3.186	1302.559	-0.928
0.510	38.234	28.122	3.806	3.186	1301.341	-0.934
0.511	48.731	28.158	3.822	3.186	1307.433	-0.931
0.513	49.242	28.134	3.855	3.178	1309.870	-0.925
0.515	49.273	28.104	3.879	3.186	1308.651	-0.925
0.516	49.273	28.128	3.888	3.178	1306.214	-0.925
0.518	49.279	28.171	3.920	3.178	1302.559	-0.926
0.519	49.273	28.158	3.937	3.178	1301.341	-0.926
0.521	49.279	28.128	3.953	3.194	1298.904	-0.928
0.522	49.279	28.146	3.978	3.178	1296.467	-0.928
0.524	49.273	28.189	3.978	3.186	1295.248	-0.925
0.525	49.273	28.171	4.002	3.178	1300.122	-0.926
0.527	49.285	28.134	4.027	3.194	1292.811	-0.924
0.529	49.273	28.140	4.027	3.194	1298.904	-0.925
0.530	49.273	28.128	4.051	3.186	1304.996	-0.925
0.532	49.279	28.164	4.060	3.186	1309.870	-0.925
0.533	49.260	28.195	4.084	3.178	1313.525	-0.925
0.535	49.273	28.183	4.092	3.194	1311.088	-0.926
0.536	49.273	28.152	4.109	3.194	1307.433	-0.926
0.538	49.279	28.128	4.133	3.186	1306.214	-0.924
0.539	49.273	28.140	4.133	3.178	1303.778	-0.926
0.541	49.266	28.195	4.158	3.194	1302.559	-0.926
0.542	49.273	28.183	4.158	3.186	1301.341	-0.925
0.544	49.273	28.171	4.166	3.194	1300.122	-0.923
0.546	49.273	28.171	4.191	3.186	1295.248	-0.926
0.547	49.266	28.146	4.199	3.178	1292.811	-0.925
0.549	49.266	28.158	4.215	3.186	1292.811	-0.925
0.550	49.266	28.189	4.223	3.194	1296.467	-0.925
0.552	49.266	28.177	4.232	3.186	1300.122	-0.925
0.553	49.260	28.146	4.248	3.178	1306.214	-0.925
0.555	49.254	28.183	4.248	3.178	1312.307	-0.926
0.556	49.254	28.195	4.264	3.186	1309.870	-0.926
0.558	49.260	28.171	4.289	3.203	1307.433	-0.925
0.560	49.248	28.152	4.305	3.186	1307.433	-0.925
0.561	49.254	28.171	4.305	3.186	1304.996	-0.926
0.563	49.254	28.152	4.314	3.203	1303.778	-0.926
0.564	49.248	28.201	4.322	3.186	1301.341	-0.928
0.566	49.254	28.201	4.346	3.194	1297.685	-0.928
0.567	49.242	28.177	4.363	3.186	1296.467	-0.926
0.569	49.193	28.177	4.371	3.186	1296.467	-0.926
0.570	49.199	28.213	4.363	3.194	1297.685	-0.926
0.572	49.230	28.195	4.379	3.194	1296.467	-0.928
0.573	49.230	28.164	4.395	3.194	1300.122	-0.925
0.575	49.236	28.183	4.412	3.186	1304.996	-0.925
0.577	49.236	28.213	4.436	3.194	1309.870	-0.926
0.578	49.224	28.207	4.436	3.178	1312.307	-0.926
0.580	49.224	28.122	4.445	3.170	1313.525	-0.926
0.581	49.224	28.134	4.461	3.186	1307.433	-0.926
0.583	49.218	28.152	4.453	3.178	1306.214	-0.928
0.584	49.212	28.134	4.469	3.178	1304.996	-0.925
0.586	49.224	28.122	4.486	3.186	1301.341	-0.926
0.587	49.212	28.152	4.494	3.186	1300.122	-0.929
0.589	49.212	28.140	4.510	3.178	1297.685	-0.928
0.591	49.206	28.134	4.527	3.170	1296.467	-0.926
0.592	49.212	28.116	4.535	3.170	1291.593	-0.926
0.594	49.199	28.152	4.543	3.186	1291.593	-0.928
0.595	49.212	28.146	4.551	3.178	1295.248	-0.926
0.597	49.206	28.140	4.559	3.186	1300.122	-0.926
0.598	49.199	28.134	4.559	3.178	1303.778	-0.929
0.600	49.206	28.171	4.584	3.178	1311.088	-0.926
0.601	49.193	28.158	4.584	3.178	1311.088	-0.929
0.603	49.187	28.128	4.600	3.186	1309.870	-0.925
0.604	49.193	28.152	4.608	3.170	1306.214	-0.926
0.606	49.187	28.189	4.625	3.170	1304.996	-0.929
0.608	49.187	28.189	4.617	3.186	1304.996	-0.930
0.609	49.175	28.152	4.641	3.178	1298.904	-0.929
0.611	49.193	28.171	4.658	3.178	1300.122	-0.926
0.612	49.187	28.171	4.666	3.178	1297.685	-0.928
0.614	49.181	28.171	4.666	3.186	1296.467	-0.928
0.615	49.181	28.134	4.682	3.170	1301.341	-0.929
0.617	49.175	28.183	4.690	3.178	1296.467	-0.929
0.618	49.175	28.183	4.690	3.186	1298.904	-0.929
0.620	49.157	28.158	4.707	3.178	1304.996	-0.926
0.622	49.169	28.158	4.723	3.170	1308.651	-0.928
0.623	49.169	28.195	4.723	3.186	1311.088	-0.928
0.625	49.157	28.207	4.723	3.186	1311.088	-0.928
0.626	49.157	28.201	4.739	3.178	1306.214	-0.926
0.628	49.157	28.189	4.748	3.194	1307.433	-0.928
0.629	49.163	28.225	4.764	3.170	1304.996	-0.928
0.631	49.151	28.207	4.756	3.203	1304.996	-0.929
0.632	49.151	28.183	4.772	3.186	1297.685	-0.929
0.634	49.157	28.195	4.805	3.186	1298.904	-0.929
0.635	49.145	28.244	4.797	3.170	1295.248	-0.929
0.637	49.145	28.231	4.805	3.170	1292.811	-0.928
0.639	49.126	28.219	4.813	3.162	1292.811	-0.930
0.640	49.139	28.195	4.821	3.186	1294.030	-0.929
0.642	49.133	28.183	4.830	3.194	1298.904	-0.929
0.643	49.133	28.225	4.846	3.186	1303.778	-0.930
0.645	49.133	28.256	4.854	3.186	1311.088	-0.929
0.646	49.133	28.244	4.862	3.178	1308.651	-0.931
0.648	49.133	28.207	4.871	3.178	1309.870	-0.928
0.649	49.126	28.244	4.871	3.178	1306.214	-0.929
0.651	49.133	28.231	4.879	3.186	1306.214	-0.928
0.653	49.120	28.231	4.903	3.186	1302.559	-0.931
0.654	49.120	28.219	4.920	3.194	1302.559	-0.929
0.656	49.120	28.262	4.911	3.194	1298.904	-0.930
0.657	49.114	28.262	4.928	3.194	1296.467	-0.930
0.659	49.114	28.238	4.936	3.194	1294.030	-0.929
0.660	49.108	28.225	4.928	3.186	1300.122	-0.930
0.662	49.096	28.195	4.936	3.186	1295.248	-0.929
0.663	49.114	28.231	4.952	3.178	1297.685	-0.929
0.665	49.102	28.280	4.969	3.186	1304.996	-0.930
0.666	49.096	28.286	4.969	3.194	1311.088	-0.930
0.668	49.096	28.274	4.977	3.186	1313.525	-0.929
0.670	49.096	28.268	4.993	3.186	1311.088	-0.930
0.671	49.096	28.244	4.993	3.186	1308.651	-0.931
0.673	49.084	28.274	5.018	3.178	1304.996	-0.930
0.674	49.084	28.311	5.018	3.194	1304.996	-0.931
0.676	49.096	28.304	5.026	3.186	1303.778	-0.932
0.677	49.078	28.268	5.034	3.194	1298.904	-0.931
0.679	49.072	28.244	5.043	3.186	1301.341	-0.931
0.680	49.078	28.250	5.051	3.194	1296.467	-0.932
0.682	49.078	28.298	5.051	3.194	1290.374	-0.931
0.684	49.072	28.311	5.067	3.178	1290.374	-0.931
0.685	49.078	28.298	5.075	3.194	1296.467	-0.932
0.687	49.066	28.280	5.084	3.194	1300.122	-0.932
0.688	49.072	28.323	5.092	3.186	1303.778	-0.932
0.690	49.066	28.323	5.100	3.194	1309.870	-0.932
0.691	49.059	28.292	5.100	3.194	1312.307	-0.932
0.693	49.066	28.298	5.124	3.186	1308.651	-0.931
0.694	49.059	28.347	5.133	3.186	1304.996	-0.932
0.696	49.059	28.341	5.133	3.194	1304.996	-0.931
0.697	49.053	28.311	5.141	3.186	1301.341	-0.932
0.699	49.053	28.317	5.149	3.194	1298.904	-0.934
0.701	49.047	28.341	5.157	3.186	1298.904	-0.931
0.702	49.041	28.317	5.157	3.178	1296.467	-0.932
0.704	49.047	28.292	5.182	3.194	1294.030	-0.932
0.705	49.035	28.329	5.174	3.186	1300.122	-0.932
0.707	49.035	28.371	5.190	3.194	1296.467	-0.934
0.708	49.041	28.353	5.198	3.194	1300.122	-0.934
0.710	49.041	28.335	5.198	3.194	1304.996	-0.931
0.711	49.035	28.353	5.206	3.194	1311.088	-0.931
0.713	49.029	28.341	5.223	3.178	1314.744	-0.931
0.715	49.029	28.347	5.239	3.194	1309.870	-0.932
0.716	49.029	28.335	5.239	3.186	1308.651	-0.934
0.718	49.029	28.365	5.247	3.203	1307.433	-0.932
0.719	49.023	28.371	5.264	3.186	1303.778	-0.931
0.721	49.029	28.365	5.264	3.194	1304.996	-0.931
0.722	49.023	28.347	5.264	3.194	1302.559	-0.932
0.724	49.011	28.323	5.280	3.186	1296.467	-0.934
0.725	49.023	28.347	5.280	3.186	1292.811	-0.932
0.727	49.011	28.390	5.296	3.186	1292.811	-0.932
0.728	49.011	28.365	5.305	3.194	1291.593	-0.932
0.730	49.005	28.347	5.313	3.186	1296.467	-0.934
0.732	49.005	28.353	5.321	3.194	1302.559	-0.931
0.733	49.005	28.384	5.321	3.178	1306.214	-0.932
0.735	48.999	28.378	5.337	3.178	1311.088	-0.932
0.736	49.005	28.390	5.346	3.194	1309.870	-0.934
0.738	48.992	28.384	5.354	3.194	1308.651	-0.932
0.739	49.005	28.353	5.354	3.194	1304.996	-0.935
0.741	48.986	28.396	5.370	3.194	1304.996	-0.932
0.742	48.992	28.402	5.370	3.203	1301.341	-0.934
0.744	48.992	28.390	5.387	3.186	1301.341	-0.932
0.746	48.986	28.371	5.387	3.194	1298.904	-0.932
0.747	48.986	28.402	5.395	3.194	1296.467	-0.932
0.749	48.974	28.420	5.403	3.203	1295.248	-0.934
0.750	48.980	28.390	5.411	3.203	1300.122	-0.934
0.752	48.974	28.378	5.411	3.186	1294.030	-0.932
0.753	48.980	28.420	5.428	3.194	1298.904	-0.931
0.755	48.974	28.402	5.436	3.186	1304.996	-0.930
0.756	48.968	28.378	5.452	3.194	1308.651	-0.934
0.758	48.968	28.396	5.452	3.203	1313.525	-0.934
0.759	48.968	28.426	5.452	3.194	1309.870	-0.934
0.761	48.962	28.445	5.468	3.178	1308.651	-0.932
0.763	48.968	28.414	5.460	3.194	1307.433	-0.932
0.764	48.956	28.420	5.485	3.186	1306.214	-0.935
0.766	48.962	28.432	5.493	3.186	1302.559	-0.932
0.767	48.962	28.426	5.493	3.194	1298.904	-0.934
0.769	48.950	28.445	5.493	3.211	1300.122	-0.934
0.770	48.950	28.445	5.518	3.194	1295.248	-0.936
0.772	48.956	28.408	5.526	3.194	1292.811	-0.934
0.773	48.956	28.396	5.526	3.194	1292.811	-0.934
0.775	48.962	28.396	5.526	3.194	1296.467	-0.935
0.777	48.944	28.426	5.542	3.203	1298.904	-0.934
0.778	48.944	28.451	5.550	3.186	1304.996	-0.932
0.780	48.932	28.451	5.559	3.186	1311.088	-0.934
0.781	48.938	28.426	5.567	3.186	1311.088	-0.935
0.783	48.938	28.414	5.575	3.194	1309.870	-0.934
0.784	48.944	28.414	5.591	3.203	1304.996	-0.935
0.786	48.932	28.451	5.591	3.186	1304.996	-0.934
0.787	48.932	28.469	5.608	3.186	1302.559	-0.935
0.789	48.445	28.451	5.600	3.203	1301.341	-0.934
0.790	2.338	28.445	5.567	3.194	1302.559	-0.930
0.792	-0.323	28.481	5.526	3.203	1302.559	-0.930
0.794	-0.444	28.469	5.501	3.194	1292.811	-0.935
0.795	-0.451	28.438	5.468	3.194	1297.685	-0.934
0.797	-0.451	28.457	5.428	3.194	1295.248	-0.934
0.798	-0.451	28.493	5.395	3.194	1300.122	-0.932
0.800	-0.444	28.475	5.362	3.194	1304.996	-0.931
0.801	-0.444	28.451	5.337	3.194	1308.651	-0.935
0.803	-0.444	28.475	5.305	3.194	1313.525	-0.932
0.804	-0.444	28.457	5.272	3.194	1309.870	-0.935
0.806	-0.444	28.463	5.247	3.186	1309.870	-0.934
0.808	-0.438	28.445	5.231	3.194	1306.214	-0.934
0.809	-0.432	28.469	5.182	3.186	1304.996	-0.934
0.811	-0.426	28.499	5.165	3.194	1302.559	-0.932
0.812	-0.432	28.481	5.141	3.194	1300.122	-0.934
0.814	-0.432	28.469	5.108	3.203	1300.122	-0.936
0.815	-0.420	28.493	5.084	3.186	1295.248	-0.935
0.817	-0.426	28.493	5.059	3.194	1289.156	-0.934
0.818	-0.420	28.469	5.034	3.194	1291.593	-0.936
0.820	-0.426	28.475	5.010	3.186	1297.685	-0.934
0.821	-0.420	28.499	4.985	3.194	1300.122	-0.934
0.823	-0.414	28.493	4.977	3.211	1306.214	-0.935
0.825	-0.420	28.463	4.944	3.211	1311.088	-0.935
0.826	-0.414	28.487	4.911	3.194	1311.088	-0.935
0.828	-0.408	28.505	4.895	3.203	1307.433	-0.935
0.829	-0.402	28.505	4.871	3.203	1306.214	-0.935
0.831	-0.402	28.481	4.838	3.194	1304.996	-0.934
0.832	-0.408	28.493	4.821	3.194	1302.559	-0.935
0.834	-0.402	28.505	4.797	3.194	1301.341	-0.934
0.835	-0.396	28.487	4.772	3.203	1297.685	-0.935
0.837	-0.402	28.469	4.748	3.186	1296.467	-0.934
0.839	-0.390	28.511	4.715	3.203	1292.811	-0.932
0.840	-0.402	28.518	4.707	3.203	1298.904	-0.932
0.842	-0.390	28.524	4.682	3.194	1295.248	-0.934
0.843	-0.390	28.493	4.658	3.194	1298.904	-0.935
0.845	-0.384	28.505	4.641	3.203	1306.214	-0.934
0.846	-0.390	28.493	4.617	3.194	1311.088	-0.932
0.848	-4.311	28.518	4.608	3.194	1333.021	-0.926
0.849	-0.658	28.524	4.559	3.194	1309.870	-0.932
0.851	-0.432	28.511	4.543	3.194	1303.778	-0.934
0.852	-0.408	28.499	4.518	3.203	1304.996	-0.934
0.854	-0.396	28.536	4.494	3.194	1304.996	-0.930
0.856	-0.396	28.524	4.461	3.194	1302.559	-0.934
0.857	-0.390	28.505	4.445	3.186	1298.904	-0.931
0.859	-0.384	28.511	4.436	3.194	1297.685	-0.932
0.860	-0.377	28.548	4.412	3.211	1297.685	-0.931
0.862	-0.384	28.542	4.371	3.194	1289.156	-0.931
0.863	-0.377	28.518	4.379	3.194	1290.374	-0.934
0.865	-0.377	28.536	4.338	3.194	1296.467	-0.932
0.866	-0.377	28.560	4.338	3.194	1301.341	-0.932
0.868	-0.371	28.554	4.305	3.203	1304.996	-0.932
0.870	-0.371	28.530	4.273	3.203	1309.870	-0.931
0.871	-0.371	28.518	4.256	3.211	1311.088	-0.934
0.873	-0.371	28.499	4.240	3.211	1307.433	-0.931
0.874	-0.365	28.536	4.215	3.203	1307.433	-0.931
0.876	-0.365	28.560	4.199	3.203	1306.214	-0.930
0.877	-0.353	28.548	4.183	3.203	1302.559	-0.930
0.879	-0.353	28.530	4.158	3.194	1300.122	-0.930
0.880	-0.359	28.542	4.133	3.211	1297.685	-0.932
0.882	-0.359	28.530	4.117	3.219	1298.904	-0.929
0.883	-0.353	28.560	4.092	3.194	1295.248	-0.931
0.885	-0.353	28.554	4.068	3.203	1296.467	-0.930
0.887	-0.347	28.542	4.068	3.194	1295.248	-0.930
0.888	-0.353	28.530	4.043	3.194	1298.904	-0.931
0.890	-0.353	28.554	4.019	3.186	1306.214	-0.930
0.891	-0.347	28.548	4.002	3.203	1308.651	-0.930
0.893	-0.347	28.530	3.978	3.203	1313.525	-0.928
0.894	-0.341	28.536	3.961	3.203	1311.088	-0.929
0.896	-0.347	28.566	3.945	3.194	1307.433	-0.929
0.897	-0.335	28.542	3.920	3.211	1307.433	-0.929
0.899	-0.347	28.524	3.879	3.203	1304.996	-0.929
0.901	-0.335	28.542	3.888	3.186	1302.559	-0.929
0.902	-0.329	28.572	3.847	3.211	1301.341	-0.929
0.904	9.346	28.554	3.847	3.203	1306.214	-0.925
0.905	47.263	28.548	3.855	3.194	1302.559	-0.923
0.907	49.175	28.572	3.888	3.203	1290.374	-0.928
0.908	49.260	28.578	3.904	3.194	1289.156	-0.929
0.910	49.273	28.572	3.929	3.203	1292.811	-0.928
0.911	49.266	28.548	3.953	3.203	1300.122	-0.926
0.913	49.266	28.572	3.978	3.203	1304.996	-0.931
0.914	49.260	28.554	3.986	3.203	1309.870	-0.929
0.916	49.266	28.560	4.010	3.194	1309.870	-0.929
0.918	49.273	28.542	4.035	3.211	1307.433	-0.929
0.919	49.266	28.578	4.051	3.194	1304.996	-0.930
0.921	49.266	28.572	4.068	3.203	1304.996	-0.928
0.922	49.273	28.542	4.060	3.203	1302.559	-0.929
0.924	49.260	28.554	4.084	3.194	1301.341	-0.925
0.925	49.254	28.585	4.101	3.194	1297.685	-0.929
0.927	49.266	28.585	4.109	3.203	1297.685	-0.928
0.928	49.266	28.566	4.142	3.194	1292.811	-0.928
0.930	49.260	28.566	4.150	3.203	1297.685	-0.928
0.932	49.260	28.536	4.166	3.203	1296.467	-0.928
0.933	49.260	28.566	4.174	3.194	1298.904	-0.928
0.935	49.260	28.585	4.199	3.211	1304.996	-0.928
0.936	49.266	28.566	4.207	3.194	1311.088	-0.926
0.938	49.266	28.560	4.207	3.194	1314.744	-0.928
0.939	49.254	28.566	4.223	3.186	1311.088	-0.928
0.941	49.260	28.603	4.248	3.194	1308.651	-0.925
0.942	49.254	28.597	4.240	3.203	1307.433	-0.928
0.944	49.254	28.566	4.256	3.203	1306.214	-0.926
0.945	49.254	28.591	4.273	3.203	1301.341	-0.928
0.947	49.260	28.597	4.289	3.194	1300.122	-0.928
0.949	49.248	28.597	4.314	3.194	1297.685	-0.925
0.950	49.248	28.585	4.322	3.203	1295.248	-0.929
0.952	49.254	28.566	4.330	3.203	1289.156	-0.928
0.953	49.242	28.572	4.338	3.203	1290.374	-0.926
0.955	49.248	28.603	4.346	3.203	1296.467	-0.925
0.956	49.248	28.609	4.363	3.194	1298.904	-0.928
0.958	49.242	28.603	4.363	3.194	1306.214	-0.929
0.959	49.242	28.578	4.379	3.203	1308.651	-0.926
0.961	49.236	28.554	4.387	3.211	1312.307	-0.928
0.963	49.163	28.572	4.412	3.194	1308.651	-0.928
0.964	49.218	28.603	4.412	3.186	1307.433	-0.929
0.966	49.230	28.585	4.428	3.194	1306.214	-0.928
0.967	49.224	28.560	4.436	3.194	1302.559	-0.928
0.969	49.230	28.585	4.445	3.203	1298.904	-0.928
0.970	49.224	28.585	4.453	3.194	1297.685	-0.928
0.972	49.224	28.578	4.477	3.203	1296.467	-0.928
0.973	49.224	28.554	4.477	3.194	1291.593	-0.930
0.975	49.224	28.578	4.494	3.194	1298.904	-0.929
0.976	49.218	28.585	4.494	3.194	1295.248	-0.929
0.978	49.218	28.585	4.518	3.203	1300.122	-0.929
0.980	49.212	28.566	4.527	3.194	1306.214	-0.929
0.981	49.212	28.597	4.535	3.194	1312.307	-0.930
0.983	49.206	28.597	4.543	3.203	1313.525	-0.930
0.984	49.206	28.591	4.551	3.203	1309.870	-0.930
0.986	49.193	28.585	4.559	3.203	1309.870	-0.929
0.987	49.199	28.609	4.567	3.194	1306.214	-0.931
0.989	49.193	28.591	4.584	3.194	1306.214	-0.928
0.990	49.199	28.572	4.584	3.203	1303.778	-0.929
0.992	49.193	28.585	4.617	3.194	1303.778	-0.929
0.994	49.193	28.609	4.608	3.194	1297.685	-0.928
0.995	49.193	28.609	4.617	3.203	1295.248	-0.929
0.997	49.187	28.578	4.625	3.203	1290.374	-0.928
0.998	49.181	28.597	4.649	3.203	1291.593	-0.930
1.000	49.193	28.615	4.658	3.203	1294.030	-0.929
1.001	49.175	28.609	4.658	3.194	1298.904	-0.931
1.003	49.175	28.585	4.674	3.203	1306.214	-0.926
1.004	49.181	28.609	4.690	3.194	1309.870	-0.930
1.006	49.175	28.597	4.690	3.194	1311.088	-0.931
1.007	49.169	28.585	4.707	3.203	1307.433	-0.931
1.009	49.175	28.578	4.715	3.194	1306.214	-0.930
1.011	49.169	28.603	4.723	3.194	1304.996	-0.930
1.012	49.163	28.597	4.731	3.203	1302.559	-0.930
