Time (ms)	Ch1 V	Ch2 V	Ch1 A	Ch2 A	RPM	Torque
0.000	-0.304	11.148	3.527	1.319	502.015	-0.487
0.002	-0.304	11.148	3.511	1.311	509.326	-0.487
0.003	-0.304	11.148	3.503	1.311	514.200	-0.486
0.005	-0.298	11.142	3.478	1.327	519.074	-0.486
0.006	-0.304	11.154	3.462	1.319	526.385	-0.487
0.008	-0.292	11.142	3.454	1.311	530.040	-0.488
0.009	-0.311	11.142	3.445	1.327	530.040	-0.486
0.011	-0.298	11.142	3.429	1.319	527.603	-0.486
0.012	-0.298	11.142	3.404	1.311	528.822	-0.487
0.014	-0.298	11.142	3.404	1.311	527.603	-0.488
0.015	-0.298	11.142	3.380	1.319	525.166	-0.487
0.017	-0.292	11.142	3.363	1.311	526.385	-0.487
0.019	-0.304	11.148	3.355	1.311	525.166	-0.488
0.020	-0.292	11.135	3.331	1.302	526.385	-0.488
0.022	-0.292	11.142	3.322	1.311	522.729	-0.487
0.023	-0.292	11.142	3.322	1.319	522.729	-0.489
0.025	-0.286	11.142	3.306	1.311	521.511	-0.488
0.026	-0.286	11.135	3.290	1.327	521.511	-0.487
0.028	-0.286	11.135	3.290	1.319	520.293	-0.488
0.029	-0.280	11.135	3.273	1.327	519.074	-0.488
0.031	-0.280	11.142	3.265	1.319	519.074	-0.487
0.033	-0.286	11.135	3.249	1.311	516.637	-0.487
0.034	-0.286	11.135	3.224	1.319	515.419	-0.487
0.036	-0.280	11.135	3.216	1.319	515.419	-0.489
0.037	-0.286	11.135	3.208	1.311	515.419	-0.488
0.039	-0.280	11.123	3.200	1.319	515.419	-0.488
0.040	-0.280	11.129	3.191	1.311	512.982	-0.487
0.042	-0.286	11.135	3.175	1.302	511.763	-0.487
0.043	-0.280	11.135	3.175	1.319	512.982	-0.488
0.045	-0.280	11.129	3.150	1.311	510.545	-0.488
0.046	-0.274	11.135	3.142	1.319	509.326	-0.488
0.048	-0.274	11.135	3.134	1.311	510.545	-0.486
0.050	-0.274	11.123	3.134	1.319	509.326	-0.486
0.051	-0.280	11.129	3.118	1.311	509.326	-0.488
0.053	-0.274	11.129	3.101	1.311	506.889	-0.487
0.054	-0.274	11.117	3.093	1.319	506.889	-0.488
0.056	-0.268	11.135	3.077	1.319	505.671	-0.487
0.057	-0.268	11.129	3.069	1.311	509.326	-0.487
0.059	-0.268	11.129	3.069	1.302	509.326	-0.484
0.060	-0.268	11.135	3.044	1.319	516.637	-0.488
0.062	-0.274	11.129	3.044	1.311	522.729	-0.484
0.064	-0.268	11.129	3.036	1.327	526.385	-0.487
0.065	-0.268	11.135	3.028	1.302	533.696	-0.486
0.067	-0.274	11.123	3.011	1.327	530.040	-0.486
0.068	-0.268	11.123	3.011	1.319	528.822	-0.486
0.070	-0.262	11.123	2.995	1.311	528.822	-0.482
0.071	-0.268	11.123	2.978	1.311	527.603	-0.486
0.073	-0.262	11.129	2.978	1.319	527.603	-0.484
0.074	-0.262	11.123	2.962	1.302	526.385	-0.484
0.076	-0.256	11.117	2.954	1.311	527.603	-0.483
0.077	-0.262	11.123	2.946	1.311	523.948	-0.486
0.079	-0.250	11.123	2.937	1.311	525.166	-0.483
0.081	-0.250	11.129	2.929	1.319	521.511	-0.483
0.082	-0.250	11.129	2.913	1.294	521.511	-0.486
0.084	-0.256	11.129	2.905	1.311	519.074	-0.483
0.085	-0.244	11.123	2.888	1.302	521.511	-0.487
0.087	-0.256	11.129	2.872	1.311	520.293	-0.484
0.088	-0.262	11.111	2.872	1.311	519.074	-0.486
0.090	-0.256	11.129	2.856	1.311	517.856	-0.482
0.091	-0.250	11.123	2.856	1.311	517.856	-0.484
0.093	-0.256	11.117	2.839	1.311	516.637	-0.483
0.095	-0.244	11.129	2.831	1.319	515.419	-0.484
0.096	-0.244	11.123	2.823	1.311	517.856	-0.484
0.098	-0.244	11.123	2.823	1.327	512.982	-0.484
0.099	-0.244	11.117	2.798	1.311	515.419	-0.483
0.101	-0.244	11.117	2.798	1.311	511.763	-0.484
0.102	-0.244	11.117	2.782	1.302	510.545	-0.484
0.104	-0.244	11.105	2.774	1.311	510.545	-0.483
0.105	-0.250	11.111	2.774	1.302	510.545	-0.484
0.107	-0.244	11.117	2.757	1.294	510.545	-0.484
0.108	-0.237	11.105	2.765	1.311	509.326	-0.483
0.110	-0.244	11.117	2.741	1.319	508.108	-0.484
0.112	-0.244	11.117	2.733	1.311	508.108	-0.484
0.113	-0.237	11.105	2.708	1.311	503.234	-0.484
0.115	-0.244	11.111	2.716	1.302	504.452	-0.484
0.116	-0.237	11.111	2.708	1.311	515.419	-0.483
0.118	-0.231	11.105	2.700	1.311	519.074	-0.484
0.119	-0.237	11.117	2.684	1.319	526.385	-0.484
0.121	-0.237	11.111	2.675	1.302	530.040	-0.483
0.122	-0.237	11.099	2.684	1.311	530.040	-0.486
0.124	-0.231	11.105	2.659	1.311	530.040	-0.484
0.126	-0.231	11.111	2.659	1.294	527.603	-0.484
0.127	-10.995	11.093	2.692	1.311	521.511	-0.477
0.129	-0.804	11.099	2.643	1.319	512.982	-0.482
0.130	-0.304	11.111	2.610	1.302	523.948	-0.481
0.132	-0.262	11.099	2.610	1.319	527.603	-0.487
0.133	-0.250	11.099	2.602	1.319	522.729	-0.486
0.135	-0.250	11.105	2.577	1.311	519.074	-0.483
0.136	-0.231	11.099	2.593	1.311	523.948	-0.484
0.138	-0.237	11.105	2.577	1.311	521.511	-0.486
0.139	-0.237	11.105	2.561	1.302	519.074	-0.486
0.141	-0.237	11.105	2.561	1.302	519.074	-0.483
0.143	-0.244	11.105	2.553	1.311	519.074	-0.484
0.144	-0.225	11.105	2.536	1.311	519.074	-0.484
0.146	-0.231	11.093	2.536	1.311	516.637	-0.486
0.147	-0.237	11.105	2.528	1.311	516.637	-0.486
0.149	-0.231	11.105	2.528	1.302	514.200	-0.483
0.150	-0.231	11.105	2.503	1.302	512.982	-0.484
0.152	-0.231	11.099	2.495	1.311	512.982	-0.483
0.153	-0.231	11.099	2.487	1.311	514.200	-0.482
0.155	-0.231	11.099	2.495	1.311	512.982	-0.482
0.157	-0.225	11.099	2.471	1.319	511.763	-0.482
0.158	-0.231	11.099	2.471	1.311	511.763	-0.482
0.160	-0.219	11.099	2.462	1.302	509.326	-0.482
0.161	-0.225	11.105	2.454	1.311	510.545	-0.482
0.163	-0.225	11.099	2.438	1.302	506.889	-0.486
0.164	-0.225	11.099	2.438	1.302	506.889	-0.482
0.166	-0.225	11.093	2.421	1.319	508.108	-0.483
0.167	-0.219	11.087	2.421	1.319	506.889	-0.483
0.169	-0.219	11.099	2.397	1.302	504.452	-0.482
0.170	-0.213	11.093	2.397	1.311	510.545	-0.482
0.172	-0.213	11.099	2.397	1.311	508.108	-0.483
0.174	-0.219	11.099	2.389	1.302	514.200	-0.484
0.175	-0.219	11.093	2.381	1.294	519.074	-0.481
0.177	-0.219	11.093	2.364	1.319	526.385	-0.480
0.178	-0.213	11.099	2.364	1.319	532.477	-0.483
0.180	-0.219	11.093	2.356	1.327	530.040	-0.482
0.181	-0.219	11.093	2.340	1.311	528.822	-0.480
0.183	-0.219	11.093	2.331	1.311	528.822	-0.482
0.184	-0.213	11.093	2.323	1.311	526.385	-0.483
0.186	-0.207	11.093	2.323	1.311	527.603	-0.482
0.188	-0.225	11.081	2.307	1.302	527.603	-0.481
0.189	-0.219	11.087	2.307	1.311	527.603	-0.482
0.191	-0.219	11.081	2.307	1.319	526.385	-0.482
0.192	-0.219	11.081	2.290	1.311	523.948	-0.480
0.194	-0.213	11.087	2.274	1.319	521.511	-0.481
0.195	-0.213	11.087	2.266	1.302	522.729	-0.481
0.197	-0.201	11.087	2.266	1.319	520.293	-0.482
0.198	-0.213	11.087	2.258	1.311	521.511	-0.480
0.200	-0.219	11.087	2.249	1.302	519.074	-0.481
0.201	-0.207	11.075	2.241	1.319	519.074	-0.480
0.203	-0.207	11.081	2.233	1.311	519.074	-0.480
0.205	-0.207	11.081	2.233	1.319	517.856	-0.481
0.206	-0.201	11.075	2.217	1.311	517.856	-0.480
0.208	-0.201	11.075	2.208	1.311	515.419	-0.480
0.209	-0.207	11.075	2.200	1.327	516.637	-0.480
0.211	-0.207	11.075	2.200	1.319	512.982	-0.481
0.212	-0.201	11.081	2.192	1.311	514.200	-0.481
0.214	-0.207	11.075	2.184	1.311	511.763	-0.481
0.215	-0.207	11.075	2.168	1.319	511.763	-0.484
0.217	-0.201	11.075	2.159	1.311	510.545	-0.483
0.219	-0.207	11.075	2.151	1.302	508.108	-0.481
0.220	-0.195	11.075	2.151	1.302	510.545	-0.482
0.222	-0.201	11.075	2.135	1.311	508.108	-0.481
0.223	-0.201	11.081	2.135	1.302	509.326	-0.482
0.225	-0.195	11.069	2.118	1.294	508.108	-0.481
0.226	-0.189	11.069	2.110	1.302	502.015	-0.481
0.228	-0.201	11.069	2.094	1.311	505.671	-0.481
0.229	-0.189	11.069	2.094	1.302	512.982	-0.482
0.231	-0.195	11.069	2.094	1.319	519.074	-0.482
0.232	-0.189	11.069	2.086	1.311	523.948	-0.482
0.234	-0.195	11.075	2.077	1.327	532.477	-0.482
0.236	-0.195	11.056	2.069	1.302	530.040	-0.482
0.237	-0.195	11.069	2.053	1.311	527.603	-0.482
0.239	-0.183	11.056	2.053	1.311	527.603	-0.481
0.240	-0.183	11.062	2.045	1.302	527.603	-0.480
0.242	-0.195	11.062	2.036	1.311	526.385	-0.482
0.243	-0.189	11.056	2.036	1.319	526.385	-0.481
0.245	-0.183	11.056	2.012	1.311	526.385	-0.482
0.246	-0.189	11.056	2.012	1.311	523.948	-0.482
0.248	-0.183	11.069	2.004	1.302	523.948	-0.481
0.250	-0.189	11.056	2.004	1.311	521.511	-0.483
0.251	-0.189	11.062	1.987	1.302	523.948	-0.482
0.253	-0.183	11.062	1.987	1.311	520.293	-0.483
0.254	-0.177	11.062	1.963	1.327	521.511	-0.481
0.256	-0.183	11.056	1.971	1.294	519.074	-0.483
0.257	-0.177	11.062	1.963	1.302	519.074	-0.482
0.259	-0.177	11.062	1.963	1.311	516.637	-0.482
0.260	-0.177	11.044	1.946	1.327	516.637	-0.483
0.262	-0.177	11.056	1.946	1.311	516.637	-0.482
0.263	-0.170	11.062	1.930	1.311	514.200	-0.483
0.265	13.662	11.056	1.946	1.294	530.040	-0.478
0.267	47.848	11.056	1.963	1.319	515.419	-0.480
0.268	49.498	11.069	2.004	1.319	520.293	-0.483
0.270	49.577	11.056	2.045	1.302	505.671	-0.483
0.271	49.577	11.056	2.069	1.302	511.763	-0.482
0.273	49.565	11.062	2.102	1.311	510.545	-0.481
0.274	49.571	11.062	2.143	1.311	508.108	-0.482
0.276	49.565	11.062	2.176	1.302	508.108	-0.482
0.277	49.559	11.056	2.192	1.311	505.671	-0.482
0.279	49.547	11.062	2.233	1.319	508.108	-0.481
0.281	49.547	11.062	2.249	1.311	505.671	-0.480
0.282	49.534	11.069	2.290	1.302	506.889	-0.482
0.284	49.540	11.062	2.315	1.319	505.671	-0.480
0.285	49.534	11.056	2.348	1.311	509.326	-0.481
0.287	49.528	11.075	2.372	1.319	512.982	-0.482
0.288	49.528	11.075	2.389	1.311	520.293	-0.482
0.290	49.528	11.075	2.421	1.311	527.603	-0.481
0.291	49.504	11.062	2.446	1.319	531.259	-0.480
0.293	49.516	11.069	2.471	1.311	530.040	-0.481
0.294	49.510	11.069	2.495	1.302	527.603	-0.481
0.296	49.504	11.062	2.528	1.311	530.040	-0.482
0.298	49.504	11.075	2.528	1.302	527.603	-0.480
0.299	49.498	11.056	2.561	1.302	527.603	-0.481
0.301	49.486	11.062	2.593	1.311	527.603	-0.481
0.302	49.480	11.062	2.610	1.311	527.603	-0.480
0.304	49.480	11.069	2.651	1.319	523.948	-0.481
0.305	49.473	11.069	2.667	1.294	523.948	-0.481
0.307	49.473	11.069	2.700	1.302	523.948	-0.481
0.308	49.467	11.081	2.700	1.311	522.729	-0.484
0.310	49.461	11.062	2.741	1.319	522.729	-0.482
0.312	49.467	11.069	2.749	1.319	521.511	-0.483
0.313	49.455	11.069	2.790	1.302	520.293	-0.482
0.315	49.449	11.069	2.806	1.311	517.856	-0.482
0.316	49.449	11.069	2.839	1.311	521.511	-0.481
0.318	49.443	11.069	2.856	1.302	517.856	-0.482
0.319	49.443	11.069	2.872	1.302	515.419	-0.481
0.321	49.437	11.075	2.897	1.311	516.637	-0.480
0.322	49.425	11.075	2.913	1.302	515.419	-0.482
0.324	49.425	11.075	2.937	1.302	514.200	-0.482
0.325	49.419	11.075	2.970	1.302	512.982	-0.483
0.327	49.419	11.062	2.987	1.311	512.982	-0.482
0.329	49.400	11.069	3.019	1.311	512.982	-0.483
0.330	49.413	11.069	3.036	1.311	511.763	-0.482
0.332	49.400	11.069	3.036	1.319	510.545	-0.484
0.333	49.400	11.075	3.069	1.294	509.326	-0.483
0.335	49.394	11.062	3.085	1.311	508.108	-0.482
0.336	49.382	11.075	3.118	1.311	506.889	-0.483
0.338	49.352	11.069	3.134	1.311	506.889	-0.484
0.339	49.364	11.062	3.142	1.302	500.797	-0.483
0.341	49.364	11.069	3.183	1.311	505.671	-0.483
0.343	49.370	11.069	3.208	1.294	511.763	-0.483
0.344	49.370	11.069	3.216	1.302	521.511	-0.483
0.346	49.364	11.062	3.232	1.302	523.948	-0.483
0.347	49.364	11.069	3.257	1.311	531.259	-0.484
0.349	49.352	11.062	3.282	1.302	531.259	-0.484
0.350	49.352	11.062	3.306	1.311	528.822	-0.486
0.352	49.346	11.056	3.331	1.302	528.822	-0.486
0.353	49.333	11.069	3.339	1.319	527.603	-0.486
0.355	49.346	11.056	3.355	1.311	527.603	-0.486
0.356	49.327	11.056	3.372	1.311	526.385	-0.486
0.358	49.321	11.056	3.396	1.311	525.166	-0.486
0.360	49.333	11.062	3.429	1.319	525.166	-0.484
0.361	49.321	11.062	3.445	1.311	523.948	-0.486
0.363	49.309	11.056	3.462	1.302	521.511	-0.486
0.364	49.303	11.062	3.470	1.311	522.729	-0.486
0.366	49.309	11.062	3.503	1.302	519.074	-0.486
0.367	49.303	11.056	3.519	1.311	521.511	-0.486
0.369	49.303	11.056	3.552	1.302	520.293	-0.486
0.370	49.297	11.050	3.560	1.302	517.856	-0.486
0.372	49.291	11.056	3.576	1.311	516.637	-0.486
0.374	49.291	11.062	3.601	1.311	517.856	-0.484
0.375	49.285	11.056	3.609	1.311	516.637	-0.486
0.377	49.273	11.062	3.642	1.319	514.200	-0.487
0.378	49.279	11.050	3.658	1.319	514.200	-0.487
0.380	49.266	11.050	3.683	1.319	512.982	-0.487
0.381	49.273	11.044	3.683	1.311	512.982	-0.486
0.383	3.750	11.062	3.691	1.311	487.393	-0.484
0.384	-0.122	11.050	3.650	1.311	515.419	-0.483
0.386	-0.298	11.056	3.634	1.327	510.545	-0.486
0.387	-0.311	11.062	3.601	1.302	511.763	-0.489
0.389	-0.311	11.056	3.593	1.311	506.889	-0.486
0.391	-0.304	11.050	3.568	1.311	508.108	-0.486
0.392	-0.317	11.056	3.544	1.302	508.108	-0.487
0.394	-0.311	11.050	3.527	1.302	505.671	-0.486
0.395	-0.304	11.050	3.511	1.311	505.671	-0.487
0.397	-0.304	11.044	3.494	1.311	505.671	-0.487
0.398	-0.304	11.050	3.494	1.311	509.326	-0.486
0.400	-0.304	11.050	3.462	1.311	511.763	-0.486
0.401	-0.304	11.050	3.454	1.302	517.856	-0.486
0.403	-0.304	11.044	3.437	1.302	525.166	-0.487
0.405	-0.298	11.044	3.429	1.302	531.259	-0.487
0.406	-0.298	11.050	3.404	1.311	532.477	-0.486
0.408	-0.298	11.050	3.404	1.311	530.040	-0.486
0.409	-0.304	11.038	3.372	1.311	530.040	-0.487
0.411	-0.298	11.050	3.380	1.302	528.822	-0.486
0.412	-0.298	11.044	3.355	1.311	527.603	-0.487
0.414	-0.286	11.044	3.347	1.302	526.385	-0.486
0.415	-0.286	11.044	3.347	1.319	526.385	-0.486
0.417	-0.286	11.044	3.322	1.311	525.166	-0.488
0.418	-0.298	11.038	3.314	1.311	522.729	-0.486
0.420	-0.292	11.044	3.298	1.311	523.948	-0.486
0.422	-0.286	11.050	3.282	1.311	522.729	-0.486
0.423	-0.286	11.038	3.273	1.302	523.948	-0.486
0.425	-0.286	11.038	3.265	1.311	521.511	-0.487
0.426	-0.286	11.038	3.241	1.311	521.511	-0.486
0.428	-0.280	11.044	3.241	1.311	520.293	-0.484
0.429	-0.286	11.038	3.232	1.311	516.637	-0.487
0.431	-0.280	11.044	3.224	1.311	519.074	-0.486
0.432	-0.286	11.038	3.200	1.302	516.637	-0.487
0.434	-0.292	11.026	3.200	1.319	516.637	-0.484
0.436	-0.286	11.038	3.183	1.302	515.419	-0.487
0.437	-0.280	11.044	3.183	1.319	514.200	-0.486
0.439	-0.274	11.032	3.167	1.319	514.200	-0.484
0.440	-0.274	11.038	3.159	1.311	514.200	-0.487
0.442	-0.280	11.038	3.134	1.311	511.763	-0.486
0.443	-0.274	11.032	3.126	1.311	511.763	-0.486
0.445	-0.280	11.020	3.134	1.311	511.763	-0.486
0.446	-0.274	11.026	3.109	1.319	509.326	-0.487
0.448	-0.274	11.032	3.093	1.302	508.108	-0.487
0.449	-0.274	11.020	3.093	1.302	508.108	-0.488
0.451	-0.274	11.026	3.077	1.311	508.108	-0.484
0.453	-0.268	11.026	3.069	1.302	499.578	-0.488
0.454	-0.274	11.014	3.044	1.311	506.889	-0.487
0.456	-0.274	11.020	3.044	1.302	512.982	-0.487
0.457	-0.268	11.026	3.044	1.302	519.074	-0.488
0.459	-0.256	11.020	3.019	1.302	525.166	-0.488
0.460	-0.262	11.026	3.019	1.311	530.040	-0.487
0.462	-0.256	11.020	3.011	1.311	531.259	-0.486
0.463	-0.262	11.020	2.987	1.302	528.822	-0.487
0.465	-0.268	11.008	2.987	1.311	528.822	-0.487
0.467	-0.262	11.020	2.970	1.311	528.822	-0.489
0.468	-0.256	11.020	2.954	1.311	528.822	-0.487
0.470	-0.262	11.008	2.946	1.311	523.948	-0.487
0.471	-0.256	11.026	2.946	1.311	523.948	-0.487
0.473	-0.256	11.014	2.946	1.311	525.166	-0.487
0.474	-0.256	11.014	2.929	1.311	522.729	-0.487
0.476	-0.268	11.008	2.913	1.311	522.729	-0.487
0.477	-0.256	11.014	2.897	1.311	521.511	-0.488
0.479	-0.262	11.008	2.905	1.319	520.293	-0.487
0.480	-0.256	11.014	2.888	1.311	519.074	-0.489
0.482	-0.250	11.008	2.888	1.311	519.074	-0.487
0.484	-0.256	11.014	2.872	1.311	519.074	-0.487
0.485	-0.250	11.014	2.864	1.286	516.637	-0.486
0.487	-0.250	11.020	2.847	1.302	515.419	-0.486
0.488	-0.237	11.008	2.839	1.311	517.856	-0.487
0.490	-0.250	11.008	2.823	1.311	514.200	-0.484
0.491	-0.250	11.008	2.806	1.319	514.200	-0.484
0.493	-0.244	11.008	2.806	1.311	512.982	-0.486
0.494	-0.244	11.002	2.798	1.311	512.982	-0.487
0.496	-0.256	11.002	2.790	1.311	512.982	-0.486
0.498	-0.237	11.008	2.790	1.302	511.763	-0.484
0.499	-0.250	10.995	2.765	1.311	512.982	-0.484
0.501	-0.244	10.995	2.765	1.311	508.108	-0.487
0.502	-0.244	11.008	2.757	1.302	509.326	-0.484
0.504	-0.237	11.002	2.741	1.302	506.889	-0.484
0.505	-0.231	11.002	2.733	1.302	508.108	-0.486
0.507	-0.237	11.002	2.725	1.319	505.671	-0.484
0.508	-0.237	11.002	2.716	1.311	506.889	-0.483
0.510	-0.237	10.995	2.700	1.319	505.671	-0.483
0.511	-0.231	10.995	2.692	1.311	506.889	-0.484
0.513	-0.225	10.989	2.675	1.311	511.763	-0.483
0.515	-0.231	10.989	2.684	1.302	519.074	-0.484
0.516	-0.237	10.995	2.667	1.319	525.166	-0.483
0.518	-0.231	10.995	2.659	1.327	530.040	-0.484
0.519	-0.225	10.989	2.643	1.302	533.696	-0.484
0.521	-3.221	11.008	2.618	1.302	519.074	-0.488
0.522	-2.271	10.983	2.626	1.319	577.561	-0.489
0.524	-0.377	10.983	2.610	1.319	497.141	-0.486
0.525	-0.268	10.983	2.602	1.319	527.603	-0.483
0.527	-0.256	10.989	2.593	1.311	528.822	-0.482
0.529	-0.250	10.989	2.593	1.311	528.822	-0.484
0.530	-0.237	10.983	2.593	1.302	525.166	-0.484
0.532	-0.237	10.983	2.569	1.319	523.948	-0.483
0.533	-0.231	10.995	2.561	1.311	523.948	-0.482
0.535	-0.231	10.983	2.561	1.302	522.729	-0.483
0.536	-0.231	10.989	2.544	1.311	522.729	-0.481
0.538	-0.244	10.989	2.536	1.311	522.729	-0.481
0.539	-0.237	10.989	2.528	1.302	522.729	-0.482
0.541	-0.237	10.977	2.503	1.302	519.074	-0.483
0.542	-0.237	10.989	2.512	1.319	516.637	-0.483
0.544	-0.225	10.977	2.495	1.311	517.856	-0.482
0.546	-0.231	10.983	2.495	1.311	516.637	-0.483
0.547	-0.231	10.989	2.495	1.311	516.637	-0.483
0.549	-0.231	10.983	2.495	1.319	514.200	-0.482
0.550	-0.225	10.977	2.479	1.311	514.200	-0.483
0.552	-0.225	10.977	2.454	1.311	514.200	-0.482
0.553	-0.231	10.983	2.454	1.311	511.763	-0.483
0.555	-0.231	10.989	2.446	1.311	510.545	-0.483
0.556	-0.225	10.971	2.438	1.311	511.763	-0.484
0.558	-0.225	10.977	2.421	1.311	510.545	-0.484
0.560	-0.219	10.971	2.421	1.319	509.326	-0.482
0.561	-0.225	10.977	2.421	1.302	509.326	-0.484
0.563	-0.219	10.977	2.405	1.319	508.108	-0.481
0.564	-0.219	10.971	2.397	1.319	506.889	-0.483
0.566	-0.219	10.965	2.389	1.302	503.234	-0.482
0.567	-0.213	10.977	2.372	1.311	504.452	-0.484
0.569	-0.219	10.971	2.356	1.311	510.545	-0.483
0.570	-0.225	10.965	2.348	1.311	517.856	-0.483
0.572	-0.213	10.971	2.356	1.302	523.948	-0.483
0.573	-0.213	10.971	2.348	1.302	530.040	-0.483
0.575	-0.213	10.971	2.340	1.311	533.696	-0.484
0.577	-0.213	10.965	2.315	1.311	530.040	-0.484
0.578	-0.213	10.965	2.323	1.319	528.822	-0.484
0.580	-0.219	10.959	2.307	1.311	527.603	-0.483
0.581	-0.213	10.965	2.299	1.311	527.603	-0.483
0.583	-0.213	10.965	2.290	1.327	525.166	-0.483
0.584	-0.219	10.965	2.290	1.311	526.385	-0.483
0.586	-0.219	10.959	2.282	1.319	525.166	-0.483
0.587	-0.207	10.965	2.274	1.311	523.948	-0.483
0.589	-0.207	10.959	2.274	1.302	523.948	-0.484
0.591	-0.207	10.965	2.249	1.311	521.511	-0.484
0.592	-0.213	10.959	2.241	1.302	521.511	-0.484
0.594	-0.213	10.965	2.241	1.302	520.293	-0.483
0.595	-0.213	10.959	2.241	1.311	521.511	-0.484
0.597	-0.207	10.959	2.217	1.311	517.856	-0.483
0.598	-0.201	10.965	2.217	1.311	516.637	-0.484
0.600	-0.213	10.959	2.208	1.302	516.637	-0.482
0.601	-0.201	10.953	2.208	1.319	515.419	-0.483
0.603	-0.201	10.953	2.184	1.311	516.637	-0.482
0.604	-0.207	10.965	2.184	1.319	512.982	-0.483
0.606	-0.201	10.959	2.176	1.311	514.200	-0.481
0.608	-0.195	10.953	2.176	1.302	511.763	-0.483
0.609	-0.195	10.953	2.159	1.302	512.982	-0.483
0.611	-0.201	10.965	2.168	1.319	511.763	-0.483
0.612	-0.189	10.953	2.143	1.311	510.545	-0.483
0.614	-0.189	10.959	2.135	1.311	509.326	-0.481
0.615	-0.201	10.953	2.135	1.302	510.545	-0.482
0.617	-0.201	10.959	2.118	1.302	506.889	-0.482
0.618	-0.201	10.959	2.110	1.319	506.889	-0.482
0.620	-0.195	10.953	2.102	1.311	506.889	-0.481
0.622	-0.195	10.947	2.102	1.319	505.671	-0.482
0.623	-0.189	10.953	2.094	1.319	504.452	-0.482
0.625	-0.189	10.953	2.086	1.311	505.671	-0.483
0.626	-0.195	10.947	2.069	1.319	510.545	-0.483
0.628	-0.195	10.959	2.077	1.311	517.856	-0.481
0.629	-0.189	10.953	2.053	1.311	523.948	-0.480
0.631	-0.189	10.953	2.053	1.302	530.040	-0.480
0.632	-0.189	10.947	2.045	1.311	533.696	-0.483
0.634	-0.195	10.953	2.045	1.311	531.259	-0.482
0.635	-0.189	10.947	2.028	1.327	528.822	-0.483
0.637	-0.189	10.953	2.020	1.311	528.822	-0.481
0.639	-0.183	10.953	2.012	1.319	526.385	-0.483
0.640	-0.189	10.953	2.012	1.311	530.040	-0.480
0.642	-0.177	10.947	2.004	1.319	527.603	-0.481
0.643	-0.177	10.947	1.987	1.311	526.385	-0.482
0.645	-0.189	10.953	1.987	1.311	523.948	-0.480
0.646	-0.189	10.947	1.979	1.311	523.948	-0.481
0.648	-0.177	10.941	1.979	1.327	522.729	-0.482
0.649	-0.177	10.941	1.963	1.311	522.729	-0.481
0.651	-0.164	10.941	1.955	1.311	521.511	-0.480
0.653	-0.177	10.935	1.938	1.311	519.074	-0.483
0.654	-0.177	10.947	1.930	1.327	520.293	-0.482
0.656	-0.189	10.947	1.930	1.311	517.856	-0.482
0.657	-0.183	10.959	1.922	1.302	519.074	-0.480
0.659	-0.183	10.947	1.914	1.311	516.637	-0.482
0.660	43.172	10.947	1.930	1.302	489.830	-0.484
0.662	49.279	10.947	1.971	1.319	514.200	-0.481
0.663	49.553	10.941	2.028	1.311	511.763	-0.478
0.665	49.571	10.953	2.053	1.311	515.419	-0.480
0.666	49.571	10.953	2.077	1.327	512.982	-0.483
0.668	49.565	10.947	2.127	1.302	510.545	-0.480
0.670	49.553	10.953	2.151	1.311	511.763	-0.482
0.671	49.553	10.947	2.176	1.302	510.545	-0.483
0.673	49.565	10.947	2.217	1.311	508.108	-0.482
0.674	49.540	10.941	2.241	1.319	509.326	-0.481
0.676	49.540	10.947	2.266	1.311	506.889	-0.482
0.677	49.534	10.947	2.307	1.311	508.108	-0.482
0.679	49.534	10.941	2.323	1.311	504.452	-0.482
0.680	49.522	10.941	2.356	1.319	504.452	-0.482
0.682	49.528	10.947	2.372	1.319	510.545	-0.484
0.684	49.516	10.947	2.405	1.327	517.856	-0.481
0.685	49.516	10.941	2.430	1.311	521.511	-0.483
0.687	49.510	10.947	2.454	1.311	528.822	-0.481
0.688	49.510	10.953	2.471	1.311	531.259	-0.484
0.690	49.498	10.947	2.503	1.327	527.603	-0.482
0.691	49.498	10.947	2.528	1.311	528.822	-0.482
0.693	49.498	10.953	2.553	1.311	527.603	-0.482
0.694	49.486	10.941	2.577	1.319	528.822	-0.482
0.696	49.480	10.947	2.602	1.319	522.729	-0.481
0.697	49.480	10.947	2.618	1.302	525.166	-0.483
0.699	49.480	10.947	2.651	1.319	525.166	-0.481
0.701	49.473	10.941	2.675	1.319	522.729	-0.482
0.702	49.473	10.947	2.692	1.319	522.729	-0.483
0.704	49.467	10.953	2.725	1.311	522.729	-0.484
0.705	49.455	10.947	2.757	1.311	522.729	-0.483
0.707	49.455	10.941	2.765	1.311	520.293	-0.483
0.708	49.455	10.953	2.782	1.311	520.293	-0.484
0.710	49.449	10.947	2.815	1.327	517.856	-0.484
0.711	49.443	10.941	2.823	1.302	516.637	-0.484
0.713	49.437	10.953	2.864	1.311	517.856	-0.482
0.715	49.431	10.953	2.888	1.311	516.637	-0.484
0.716	49.431	10.953	2.905	1.319	514.200	-0.483
0.718	49.431	10.947	2.921	1.311	514.200	-0.484
0.719	49.425	10.953	2.946	1.319	512.982	-0.484
0.721	49.413	10.941	2.954	1.319	511.763	-0.483
0.722	49.407	10.947	2.987	1.311	511.763	-0.484
0.724	49.407	10.947	3.011	1.319	510.545	-0.483
0.725	49.413	10.953	3.028	1.311	510.545	-0.483
0.727	49.394	10.953	3.060	1.319	509.326	-0.484
0.728	49.388	10.941	3.077	1.311	509.326	-0.483
0.730	49.400	10.947	3.093	1.311	508.108	-0.482
0.732	49.370	10.941	3.126	1.311	506.889	-0.484
0.733	49.340	10.953	3.142	1.319	508.108	-0.486
0.735	49.364	10.947	3.159	1.319	506.889	-0.483
0.736	49.364	10.947	3.175	1.311	505.671	-0.484
0.738	49.370	10.941	3.191	1.319	508.108	-0.484
0.739	49.364	10.941	3.224	1.311	508.108	-0.484
0.741	49.358	10.947	3.232	1.311	517.856	-0.484
0.742	49.358	10.947	3.257	1.311	522.729	-0.483
0.744	49.352	10.947	3.290	1.311	530.040	-0.482
0.746	49.340	10.947	3.306	1.311	531.259	-0.484
0.747	49.340	10.953	3.331	1.302	532.477	-0.482
0.749	49.333	10.941	3.339	1.319	530.040	-0.483
0.750	49.327	10.947	3.372	1.319	528.822	-0.483
0.752	49.327	10.947	3.380	1.311	526.385	-0.484
0.753	49.315	10.941	3.396	1.311	525.166	-0.483
0.755	49.327	10.947	3.421	1.319	526.385	-0.484
0.756	49.315	10.959	3.445	1.319	526.385	-0.483
0.758	49.315	10.947	3.462	1.311	525.166	-0.486
0.759	49.309	10.947	3.486	1.319	522.729	-0.483
0.761	49.303	10.953	3.503	1.327	522.729	-0.483
0.763	49.309	10.947	3.535	1.319	522.729	-0.483
0.764	49.297	10.947	3.544	1.311	521.511	-0.483
0.766	49.285	10.947	3.568	1.319	521.511	-0.484
0.767	49.285	10.947	3.576	1.327	520.293	-0.484
0.769	49.285	10.947	3.601	1.302	517.856	-0.483
0.770	49.279	10.941	3.626	1.319	517.856	-0.487
0.772	49.273	10.953	3.634	1.319	516.637	-0.484
0.773	49.279	10.947	3.650	1.319	514.200	-0.484
0.775	49.266	10.947	3.666	1.311	515.419	-0.484
0.777	14.143	10.941	3.609	1.311	525.166	-0.489
0.778	0.408	10.953	3.650	1.302	523.948	-0.489
0.780	-0.280	10.941	3.634	1.311	509.326	-0.487
0.781	-0.304	10.953	3.609	1.319	509.326	-0.484
0.783	-0.298	10.947	3.585	1.311	512.982	-0.484
0.784	-0.311	10.947	3.552	1.311	510.545	-0.488
0.786	-0.311	10.959	3.544	1.319	510.545	-0.486
0.787	-0.304	10.947	3.535	1.319	508.108	-0.488
0.789	-0.304	10.953	3.511	1.319	509.326	-0.486
0.790	-0.298	10.947	3.503	1.302	505.671	-0.486
0.792	-0.304	10.953	3.486	1.319	508.108	-0.486
0.794	-0.298	10.947	3.470	1.327	502.015	-0.488
0.795	-0.304	10.941	3.454	1.319	508.108	-0.487
0.797	-0.298	10.953	3.445	1.319	514.200	-0.487
0.798	-0.298	10.953	3.429	1.319	520.293	-0.487
0.800	-0.292	10.947	3.413	1.311	527.603	-0.486
0.801	-0.298	10.941	3.396	1.319	531.259	-0.487
0.803	-0.298	10.959	3.388	1.311	530.040	-0.487
0.804	-0.292	10.947	3.380	1.319	528.822	-0.488
0.806	-0.298	10.953	3.355	1.319	530.040	-0.487
0.808	-0.298	10.959	3.339	1.327	525.166	-0.487
0.809	-0.298	10.959	3.347	1.319	527.603	-0.487
0.811	-0.292	10.947	3.314	1.319	523.948	-0.487
0.812	-0.292	10.953	3.314	1.311	525.166	-0.487
0.814	-0.298	10.953	3.298	1.327	523.948	-0.488
0.815	-0.286	10.947	3.282	1.302	522.729	-0.487
0.817	-0.286	10.941	3.273	1.319	521.511	-0.488
0.818	-0.286	10.959	3.265	1.327	520.293	-0.489
0.820	-0.286	10.953	3.249	1.311	521.511	-0.487
0.821	-0.292	10.947	3.241	1.319	519.074	-0.487
0.823	-0.286	10.953	3.224	1.319	520.293	-0.487
0.825	-0.280	10.947	3.216	1.319	517.856	-0.488
0.826	-0.286	10.953	3.200	1.319	517.856	-0.487
0.828	-0.274	10.953	3.200	1.319	514.200	-0.487
0.829	-0.286	10.953	3.183	1.319	517.856	-0.488
0.831	-0.280	10.959	3.167	1.319	514.200	-0.486
0.832	-0.280	10.947	3.167	1.319	515.419	-0.488
0.834	-0.274	10.959	3.150	1.319	512.982	-0.487
0.835	-0.268	10.959	3.142	1.327	511.763	-0.487
0.837	-0.274	10.953	3.118	1.319	514.200	-0.486
0.839	-0.268	10.953	3.118	1.327	508.108	-0.486
0.840	-0.274	10.953	3.109	1.319	510.545	-0.487
0.842	-0.268	10.947	3.085	1.327	511.763	-0.487
0.843	-0.274	10.953	3.093	1.319	506.889	-0.486
0.845	-0.274	10.953	3.077	1.311	506.889	-0.487
0.846	-0.262	10.953	3.060	1.311	508.108	-0.487
0.848	-0.262	10.953	3.044	1.319	506.889	-0.486
0.849	-0.268	10.953	3.028	1.311	506.889	-0.486
0.851	-0.268	10.965	3.036	1.319	510.545	-0.486
0.852	-0.262	10.953	3.028	1.311	508.108	-0.486
0.854	-0.268	10.947	3.019	1.311	515.419	-0.486
0.856	-0.262	10.959	3.003	1.319	521.511	-0.486
0.857	-0.268	10.953	2.987	1.319	528.822	-0.486
0.859	-0.262	10.947	3.003	1.311	532.477	-0.487
0.860	-0.268	10.953	2.962	1.319	531.259	-0.486
0.862	-0.262	10.965	2.970	1.319	528.822	-0.486
0.863	-0.262	10.959	2.946	1.319	530.040	-0.486
0.865	-0.262	10.953	2.946	1.319	527.603	-0.484
0.866	-0.256	10.959	2.937	1.311	526.385	-0.486
0.868	-0.250	10.959	2.921	1.319	527.603	-0.483
0.870	-0.262	10.953	2.913	1.311	525.166	-0.484
0.871	-0.256	10.947	2.905	1.327	526.385	-0.486
0.873	-0.250	10.953	2.905	1.319	522.729	-0.484
0.874	-0.250	10.953	2.897	1.319	523.948	-0.484
0.876	-0.256	10.959	2.880	1.319	521.511	-0.484
0.877	-0.256	10.953	2.856	1.311	521.511	-0.484
0.879	-0.250	10.959	2.864	1.327	519.074	-0.487
0.880	-0.250	10.953	2.839	1.319	521.511	-0.484
0.882	-0.244	10.953	2.815	1.327	517.856	-0.484
0.883	-0.250	10.953	2.831	1.327	520.293	-0.484
0.885	-0.250	10.947	2.815	1.311	516.637	-0.484
0.887	-0.244	10.953	2.815	1.319	515.419	-0.484
0.888	-0.237	10.959	2.790	1.319	516.637	-0.484
0.890	-0.250	10.947	2.790	1.311	515.419	-0.486
0.891	-0.244	10.959	2.782	1.327	514.200	-0.483
0.893	-0.250	10.953	2.765	1.319	512.982	-0.486
0.894	-0.250	10.953	2.757	1.311	512.982	-0.487
0.896	-0.244	10.953	2.749	1.327	510.545	-0.486
0.897	-0.237	10.959	2.741	1.327	511.763	-0.486
0.899	-0.244	10.953	2.733	1.311	511.763	-0.484
0.901	-0.244	10.953	2.725	1.319	509.326	-0.483
0.902	-0.250	10.959	2.716	1.311	508.108	-0.484
0.904	-0.231	10.953	2.708	1.319	508.108	-0.486
0.905	-0.231	10.953	2.700	1.319	510.545	-0.486
0.907	-0.244	10.941	2.700	1.319	505.671	-0.484
0.908	-0.231	10.959	2.675	1.319	508.108	-0.486
0.910	-0.231	10.953	2.667	1.302	515.419	-0.484
0.911	-0.231	10.947	2.675	1.327	521.511	-0.486
0.913	-0.225	10.959	2.651	1.302	528.822	-0.484
0.914	-0.231	10.959	2.651	1.319	532.477	-0.484
0.916	-6.898	10.947	2.700	1.327	545.881	-0.472
0.918	-0.651	10.941	2.626	1.311	511.763	-0.480
0.919	-0.292	10.953	2.610	1.311	534.914	-0.487
0.921	-0.262	10.953	2.610	1.311	528.822	-0.488
0.922	-0.244	10.947	2.593	1.319	523.948	-0.486
0.924	-0.244	10.947	2.593	1.327	525.166	-0.484
0.925	-0.244	10.947	2.569	1.311	526.385	-0.487
0.927	-0.237	10.941	2.569	1.319	523.948	-0.484
0.928	-0.237	10.941	2.561	1.327	521.511	-0.484
0.930	-0.237	10.947	2.553	1.319	522.729	-0.483
0.932	-0.231	10.953	2.528	1.311	521.511	-0.486
0.933	-0.231	10.953	2.544	1.319	521.511	-0.484
0.935	-0.231	10.959	2.536	1.311	519.074	-0.484
0.936	-0.237	10.947	2.520	1.327	519.074	-0.486
0.938	-0.237	10.947	2.512	1.319	517.856	-0.486
0.939	-0.231	10.959	2.503	1.319	516.637	-0.486
0.941	-0.231	10.953	2.487	1.319	519.074	-0.486
0.942	-0.237	10.953	2.503	1.327	514.200	-0.484
0.944	-0.231	10.947	2.471	1.327	515.419	-0.484
0.945	-0.231	10.959	2.462	1.319	512.982	-0.484
0.947	-0.231	10.947	2.462	1.327	512.982	-0.486
0.949	-0.231	10.959	2.462	1.311	512.982	-0.483
0.950	-0.231	10.959	2.446	1.319	512.982	-0.484
0.952	-0.225	10.965	2.438	1.311	510.545	-0.483
0.953	-0.225	10.953	2.430	1.319	509.326	-0.483
0.955	-0.219	10.953	2.421	1.327	509.326	-0.484
0.956	-0.225	10.965	2.405	1.319	509.326	-0.486
0.958	-0.213	10.959	2.405	1.311	509.326	-0.482
0.959	-0.213	10.965	2.389	1.311	505.671	-0.483
0.961	-0.225	10.971	2.389	1.319	505.671	-0.484
0.963	-0.219	10.965	2.381	1.319	503.234	-0.484
0.964	-0.213	10.965	2.372	1.327	510.545	-0.483
0.966	-0.225	10.965	2.356	1.327	506.889	-0.483
0.967	-0.213	10.965	2.356	1.311	515.419	-0.484
0.969	-0.213	10.959	2.340	1.319	521.511	-0.483
0.970	-0.219	10.965	2.340	1.319	528.822	-0.484
0.972	-0.213	10.965	2.331	1.327	531.259	-0.483
0.973	-0.213	10.965	2.331	1.327	530.040	-0.482
0.975	-0.219	10.971	2.323	1.335	527.603	-0.482
0.976	-0.213	10.971	2.299	1.311	527.603	-0.483
0.978	-0.213	10.965	2.299	1.327	527.603	-0.483
0.980	-0.219	10.965	2.299	1.319	526.385	-0.483
0.981	-0.213	10.965	2.290	1.311	526.385	-0.483
0.983	-0.207	10.965	2.274	1.327	525.166	-0.482
0.984	-0.213	10.971	2.266	1.327	525.166	-0.483
0.986	-0.207	10.965	2.258	1.327	525.166	-0.484
0.987	-0.213	10.977	2.258	1.327	522.729	-0.482
0.989	-0.201	10.971	2.249	1.311	522.729	-0.482
0.990	-0.207	10.971	2.233	1.319	519.074	-0.483
0.992	-0.207	10.971	2.225	1.327	520.293	-0.483
0.994	-0.201	10.965	2.217	1.319	519.074	-0.483
0.995	-0.207	10.971	2.208	1.319	520.293	-0.482
0.997	-0.201	10.977	2.208	1.319	517.856	-0.483
0.998	-0.207	10.965	2.192	1.319	517.856	-0.482
1.000	-0.207	10.971	2.176	1.327	516.637	-0.482
1.001	-0.201	10.971	2.176	1.327	515.419	-0.482
1.003	-0.207	10.977	2.168	1.319	515.419	-0.483
1.004	-0.207	10.977	2.159	1.319	515.419	-0.483
1.006	-0.201	10.953	2.159	1.319	512.982	-0.481
1.007	-0.201	10.977	2.143	1.319	511.763	-0.482
1.009	-0.201	10.977	2.135	1.319	511.763	-0.481
1.011	-0.201	10.965	2.135	1.311	510.545	-0.483
1.012	-0.195	10.965	2.110	1.319	511.763	-0.481
