Time (ms)	Ch1 V	Ch2 V	Ch1 A	Ch2 A	RPM	Torque
0.000	49.035	36.024	5.714	4.005	1654.701	-1.127
0.002	49.035	36.049	5.722	4.005	1659.575	-1.129
0.003	49.029	36.037	5.714	4.005	1662.012	-1.125
0.005	49.029	36.012	5.722	4.005	1663.230	-1.125
0.006	49.023	36.024	5.739	3.997	1660.793	-1.127
0.008	49.035	36.037	5.731	4.005	1659.575	-1.128
0.009	49.035	36.012	5.739	3.997	1657.138	-1.128
0.011	49.023	35.982	5.731	3.997	1653.482	-1.127
0.012	49.029	35.957	5.755	4.005	1652.264	-1.127
0.014	49.023	35.976	5.747	4.014	1642.516	-1.128
0.015	49.023	36.018	5.747	4.005	1644.953	-1.128
0.017	49.023	36.024	5.755	4.005	1649.827	-1.128
0.019	49.029	36.006	5.763	4.005	1653.482	-1.129
0.020	49.023	35.964	5.763	4.005	1658.356	-1.127
0.022	49.023	35.964	5.772	4.005	1663.230	-1.129
0.023	49.017	35.982	5.788	4.014	1659.575	-1.129
0.025	49.023	36.018	5.780	4.005	1659.575	-1.129
0.026	49.023	36.012	5.772	4.005	1657.138	-1.128
0.028	49.029	35.982	5.788	4.005	1653.482	-1.128
0.029	49.017	35.957	5.772	4.005	1652.264	-1.127
0.031	49.023	35.970	5.788	4.014	1649.827	-1.127
0.033	49.023	35.994	5.796	4.005	1651.045	-1.128
0.034	49.011	36.031	5.804	4.005	1651.045	-1.128
0.036	49.011	36.012	5.804	4.014	1653.482	-1.128
0.037	49.011	36.000	5.804	4.014	1659.575	-1.127
0.039	49.011	36.024	5.804	4.014	1665.667	-1.127
0.040	49.011	36.037	5.821	4.005	1664.449	-1.128
0.042	49.011	36.000	5.812	4.005	1662.012	-1.128
0.043	49.017	35.964	5.821	4.014	1659.575	-1.128
0.045	49.011	35.951	5.821	4.005	1657.138	-1.127
0.046	48.999	35.988	5.829	4.014	1653.482	-1.128
0.048	49.005	36.012	5.829	4.014	1649.827	-1.128
0.050	48.999	36.018	5.829	4.005	1646.171	-1.129
0.051	49.005	35.982	5.829	4.014	1646.171	-1.128
0.053	48.999	35.927	5.829	3.997	1649.827	-1.128
0.054	48.999	35.890	5.837	4.005	1654.701	-1.128
0.056	48.992	35.872	5.845	3.989	1660.793	-1.128
0.057	48.999	35.884	5.845	3.981	1663.230	-1.127
0.059	48.999	35.848	5.853	3.989	1663.230	-1.127
0.060	48.999	35.836	5.853	3.989	1658.356	-1.128
0.062	48.999	35.866	5.862	3.989	1657.138	-1.129
0.064	48.992	35.866	5.870	3.997	1653.482	-1.127
0.065	48.986	35.842	5.862	3.989	1651.045	-1.128
0.067	48.986	35.799	5.870	4.005	1649.827	-1.127
0.068	48.992	35.793	5.878	3.981	1647.390	-1.129
0.070	48.992	35.836	5.886	3.997	1651.045	-1.125
0.071	48.986	35.860	5.886	3.997	1654.701	-1.127
0.073	48.986	35.848	5.894	3.997	1660.793	-1.127
0.074	48.992	35.811	5.894	3.997	1665.667	-1.127
0.076	48.986	35.854	5.886	3.989	1663.230	-1.128
0.077	48.986	35.860	5.886	3.989	1659.575	-1.127
0.079	48.986	35.842	5.894	3.981	1657.138	-1.127
0.081	48.980	35.824	5.911	3.989	1655.919	-1.128
0.082	48.980	35.860	5.911	3.997	1652.264	-1.128
0.084	48.980	35.848	5.919	3.997	1649.827	-1.125
0.085	48.974	35.811	5.903	4.005	1644.953	-1.127
0.087	48.980	35.830	5.919	3.997	1648.608	-1.127
0.088	48.968	35.860	5.919	3.997	1652.264	-1.127
0.090	48.974	35.860	5.927	3.989	1655.919	-1.127
0.091	48.974	35.824	5.919	3.997	1662.012	-1.129
0.093	48.980	35.769	5.935	3.989	1662.012	-1.128
0.095	48.980	35.799	5.927	3.997	1662.012	-1.125
0.096	48.968	35.830	5.927	4.005	1658.356	-1.129
0.098	48.974	35.860	5.952	3.997	1655.919	-1.128
0.099	48.974	35.848	5.952	3.997	1653.482	-1.129
0.101	48.968	35.824	5.960	3.989	1651.045	-1.129
0.102	48.968	35.860	5.960	3.997	1655.919	-1.128
0.104	48.962	35.860	5.952	3.997	1648.608	-1.128
0.105	48.968	35.830	5.968	4.005	1652.264	-1.127
0.107	48.962	35.769	5.968	3.981	1657.138	-1.128
0.108	48.962	35.787	5.968	4.005	1662.012	-1.127
0.110	48.962	35.824	5.968	3.997	1662.012	-1.128
0.112	48.968	35.860	5.968	3.989	1664.449	-1.127
0.113	48.962	35.854	5.976	3.997	1660.793	-1.128
0.115	48.968	35.824	5.985	4.014	1655.919	-1.127
0.116	48.962	35.769	5.976	4.005	1654.701	-1.129
0.118	48.962	35.811	5.985	4.005	1653.482	-1.125
0.119	48.962	35.848	5.976	4.022	1648.608	-1.128
0.121	48.944	35.854	6.001	3.997	1644.953	-1.125
0.122	48.950	35.817	5.993	3.997	1647.390	-1.125
0.124	48.956	35.824	6.001	4.014	1651.045	-1.128
0.126	48.962	35.854	6.001	4.005	1658.356	-1.128
0.127	48.956	35.836	6.009	4.005	1662.012	-1.128
0.129	48.956	35.799	6.017	4.014	1663.230	-1.128
0.130	48.944	35.836	6.025	4.014	1659.575	-1.129
0.132	48.950	35.872	6.017	4.005	1658.356	-1.127
0.133	48.950	35.848	6.009	4.005	1654.701	-1.128
0.135	48.944	35.817	6.025	3.997	1652.264	-1.128
0.136	48.944	35.854	6.017	4.014	1649.827	-1.129
0.138	48.944	35.854	6.034	4.005	1651.045	-1.127
0.139	48.950	35.824	6.025	3.997	1649.827	-1.128
0.141	48.944	35.763	6.034	4.014	1654.701	-1.128
0.143	48.932	35.763	6.042	3.997	1658.356	-1.127
0.144	48.944	35.799	6.034	4.014	1662.012	-1.128
0.146	48.944	35.854	6.050	4.014	1665.667	-1.127
0.147	48.944	35.848	6.050	4.005	1663.230	-1.128
0.149	48.932	35.799	6.050	4.014	1660.793	-1.127
0.150	48.938	35.744	6.050	4.005	1655.919	-1.128
0.152	48.932	35.775	6.058	4.014	1655.919	-1.125
0.153	48.932	35.830	6.066	4.014	1649.827	-1.128
0.155	48.932	35.793	6.058	4.022	1643.734	-1.129
0.157	48.944	35.744	6.058	4.014	1646.171	-1.127
0.158	48.938	35.677	6.075	4.005	1649.827	-1.128
0.160	48.938	35.720	6.075	4.005	1655.919	-1.129
0.161	48.926	35.769	6.066	4.014	1660.793	-1.127
0.163	48.938	35.824	6.091	4.014	1664.449	-1.127
0.164	48.932	35.860	6.083	4.022	1662.012	-1.128
0.166	48.932	35.915	6.083	4.005	1658.356	-1.128
0.167	48.926	35.957	6.099	4.022	1655.919	-1.127
0.169	48.926	36.006	6.099	4.022	1654.701	-1.129
0.170	48.926	36.031	6.091	4.014	1649.827	-1.128
0.172	48.926	36.061	6.099	4.014	1648.608	-1.128
0.174	48.919	36.091	6.099	4.014	1648.608	-1.130
0.175	48.926	36.122	6.107	4.022	1651.045	-1.129
0.177	48.926	36.146	6.107	4.005	1655.919	-1.130
0.178	48.926	36.164	6.116	4.014	1658.356	-1.129
0.180	48.926	36.189	6.116	4.014	1663.230	-1.128
0.181	48.926	36.213	6.116	4.014	1663.230	-1.128
0.183	48.919	36.231	6.124	4.030	1662.012	-1.130
0.184	48.919	36.256	6.116	4.030	1658.356	-1.129
0.186	48.919	36.268	6.132	4.014	1654.701	-1.127
0.188	48.913	36.280	6.132	4.022	1652.264	-1.128
0.189	48.913	36.304	6.124	4.014	1651.045	-1.128
0.191	48.919	36.311	6.124	4.030	1644.953	-1.127
0.192	48.913	36.323	6.140	4.022	1647.390	-1.129
0.194	48.926	36.335	6.140	4.014	1651.045	-1.128
0.195	48.913	36.335	6.148	4.014	1654.701	-1.128
0.197	48.913	36.353	6.148	4.014	1660.793	-1.130
0.198	48.913	36.353	6.148	4.014	1662.012	-1.129
0.200	48.919	36.341	6.157	4.014	1662.012	-1.130
0.201	48.907	36.286	6.165	3.997	1659.575	-1.128
0.203	48.913	36.219	6.157	4.014	1657.138	-1.130
0.205	48.907	36.201	6.165	4.014	1655.919	-1.129
0.206	48.913	36.219	6.181	4.014	1647.390	-1.130
0.208	48.901	36.244	6.173	4.014	1648.608	-1.128
0.209	48.913	36.238	6.173	4.014	1646.171	-1.128
0.211	48.901	36.195	6.173	4.014	1652.264	-1.127
0.212	48.901	36.195	6.181	4.014	1657.138	-1.128
0.214	48.907	36.213	6.181	4.014	1660.793	-1.127
0.215	48.907	36.225	6.181	4.022	1664.449	-1.127
0.217	48.901	36.183	6.189	4.014	1663.230	-1.129
0.219	48.895	36.189	6.197	4.014	1660.793	-1.127
0.220	48.895	36.207	6.189	4.014	1658.356	-1.128
0.222	48.907	36.201	6.189	4.014	1655.919	-1.127
0.223	48.895	36.152	6.197	4.022	1652.264	-1.127
0.225	48.895	36.171	6.214	4.022	1648.608	-1.128
0.226	48.889	36.201	6.206	4.005	1646.171	-1.129
0.228	48.895	36.158	6.206	4.022	1647.390	-1.127
0.229	48.895	36.140	6.230	4.014	1651.045	-1.128
0.231	48.895	36.164	6.222	4.022	1654.701	-1.127
0.232	48.901	36.177	6.214	4.014	1660.793	-1.127
0.234	48.895	36.134	6.214	4.030	1662.012	-1.128
0.236	48.901	36.134	6.222	4.005	1660.793	-1.127
0.237	48.895	36.158	6.238	4.005	1657.138	-1.127
0.239	48.889	36.164	6.230	4.022	1657.138	-1.127
0.240	48.895	36.122	6.230	4.014	1653.482	-1.128
0.242	48.889	36.079	6.247	4.014	1649.827	-1.127
0.243	48.889	36.079	6.238	4.005	1652.264	-1.128
0.245	48.895	36.110	6.238	4.014	1648.608	-1.125
0.246	48.895	36.140	6.238	4.014	1652.264	-1.128
0.248	48.889	36.140	6.230	4.022	1657.138	-1.127
0.250	48.877	36.104	6.247	4.022	1662.012	-1.128
0.251	48.889	36.055	6.247	4.014	1665.667	-1.128
0.253	48.889	36.079	6.255	4.014	1662.012	-1.127
0.254	48.889	36.110	6.255	4.022	1658.356	-1.128
0.256	11.160	36.134	6.197	4.014	1646.171	-1.135
0.257	0.085	36.091	6.206	4.022	1651.045	-1.130
0.259	-0.463	36.073	6.148	4.014	1651.045	-1.125
0.260	-0.499	36.043	6.116	4.022	1651.045	-1.127
0.262	-0.499	36.073	6.066	4.022	1647.390	-1.128
0.263	-0.499	36.110	6.042	4.030	1646.171	-1.128
0.265	-0.487	36.097	6.001	4.014	1653.482	-1.129
0.267	-0.481	36.061	5.968	4.014	1657.138	-1.127
0.268	-0.487	36.000	5.935	4.030	1660.793	-1.127
0.270	-0.481	36.031	5.903	4.022	1662.012	-1.127
0.271	-0.487	36.067	5.878	4.022	1659.575	-1.128
0.273	-0.487	36.104	5.837	4.014	1658.356	-1.128
0.274	-0.475	36.067	5.796	4.022	1653.482	-1.128
0.276	-0.481	36.024	5.763	4.022	1652.264	-1.128
0.277	-0.481	36.000	5.731	4.022	1648.608	-1.128
0.279	-0.475	36.037	5.706	4.030	1652.264	-1.128
0.281	-0.475	36.073	5.673	4.022	1648.608	-1.127
0.282	-0.469	36.091	5.649	4.030	1654.701	-1.127
0.284	-0.463	36.037	5.616	4.022	1659.575	-1.128
0.285	-0.457	35.994	5.591	4.030	1662.012	-1.129
0.287	-0.463	36.006	5.559	4.022	1665.667	-1.127
0.288	-0.457	36.049	5.534	4.030	1662.012	-1.124
0.290	-0.463	36.073	5.493	4.022	1660.793	-1.125
0.291	-0.457	36.055	5.452	4.022	1655.919	-1.127
0.293	-0.451	36.024	5.436	4.022	1653.482	-1.129
0.294	-0.444	35.976	5.419	4.014	1651.045	-1.125
0.296	27.714	36.018	5.460	4.030	1641.297	-1.124
0.298	47.860	36.061	5.419	4.022	1646.171	-1.128
0.299	48.913	36.055	5.428	4.022	1652.264	-1.123
0.301	48.974	36.018	5.460	4.022	1651.045	-1.127
0.302	48.999	35.976	5.452	4.030	1657.138	-1.128
0.304	49.005	35.982	5.468	4.030	1663.230	-1.124
0.305	49.011	36.024	5.485	4.014	1663.230	-1.127
0.307	49.011	36.055	5.485	4.030	1658.356	-1.127
0.308	49.017	36.043	5.501	4.030	1657.138	-1.127
0.310	49.017	36.018	5.518	4.022	1655.919	-1.125
0.312	49.023	36.031	5.526	4.030	1652.264	-1.128
0.313	49.023	36.006	5.526	4.030	1648.608	-1.125
0.315	49.017	35.964	5.526	4.022	1648.608	-1.127
0.316	49.029	36.006	5.542	4.030	1651.045	-1.125
0.318	49.029	36.043	5.550	4.030	1654.701	-1.125
0.319	49.035	36.043	5.550	4.030	1659.575	-1.125
0.321	49.029	35.988	5.559	4.022	1663.230	-1.125
0.322	49.029	35.945	5.559	4.030	1663.230	-1.124
0.324	49.035	35.964	5.575	4.030	1660.793	-1.125
0.325	49.035	36.012	5.583	4.022	1658.356	-1.124
0.327	49.035	36.055	5.583	4.030	1654.701	-1.125
0.329	49.035	36.043	5.591	4.014	1654.701	-1.124
0.330	49.041	36.000	5.600	4.030	1651.045	-1.124
0.332	49.029	35.957	5.600	4.038	1643.734	-1.124
0.333	49.041	35.982	5.600	4.038	1644.953	-1.124
0.335	49.029	36.031	5.616	4.022	1651.045	-1.125
0.336	49.035	36.043	5.616	4.022	1654.701	-1.124
0.338	49.041	36.000	5.632	4.022	1658.356	-1.127
0.339	49.041	36.006	5.624	4.030	1663.230	-1.124
0.341	49.035	36.055	5.640	4.038	1660.793	-1.125
0.343	49.041	36.024	5.640	4.030	1658.356	-1.127
0.344	49.041	35.988	5.649	4.030	1657.138	-1.125
0.346	49.029	36.031	5.657	4.030	1653.482	-1.125
0.347	49.035	36.061	5.657	4.030	1649.827	-1.127
0.349	49.035	36.043	5.665	4.030	1649.827	-1.124
0.350	49.047	36.000	5.665	4.038	1648.608	-1.125
0.352	49.047	36.037	5.673	4.030	1653.482	-1.123
0.353	49.047	36.061	5.681	4.030	1657.138	-1.122
0.355	49.041	36.012	5.681	4.030	1660.793	-1.124
0.356	49.035	36.006	5.690	4.030	1664.449	-1.124
0.358	49.035	36.061	5.681	4.022	1665.667	-1.125
0.360	49.041	36.043	5.698	4.030	1662.012	-1.125
0.361	49.029	35.988	5.698	4.022	1657.138	-1.124
0.363	49.035	35.957	5.706	4.030	1655.919	-1.123
0.364	49.029	35.957	5.714	4.038	1652.264	-1.125
0.366	49.035	36.012	5.722	4.030	1649.827	-1.123
0.367	49.029	36.055	5.714	4.038	1646.171	-1.124
0.369	49.029	36.043	5.722	4.038	1644.953	-1.124
0.370	49.029	36.012	5.731	4.030	1649.827	-1.124
0.372	49.029	35.976	5.731	4.046	1653.482	-1.123
0.374	49.023	35.988	5.755	4.038	1659.575	-1.124
0.375	49.005	36.037	5.755	4.038	1663.230	-1.124
0.377	48.986	36.079	5.755	4.022	1662.012	-1.123
0.378	49.011	36.061	5.755	4.038	1655.919	-1.125
0.380	49.011	36.018	5.763	4.038	1655.919	-1.124
0.381	49.017	35.970	5.755	4.038	1652.264	-1.125
0.383	49.017	36.012	5.763	4.030	1649.827	-1.123
0.384	49.023	36.061	5.780	4.038	1653.482	-1.123
0.386	49.023	36.091	5.772	4.038	1648.608	-1.123
0.387	49.017	36.073	5.772	4.030	1652.264	-1.123
0.389	49.017	36.024	5.788	4.030	1657.138	-1.124
0.391	49.017	36.006	5.780	4.046	1660.793	-1.124
0.392	49.017	36.049	5.796	4.030	1664.449	-1.125
0.394	49.023	36.091	5.788	4.038	1663.230	-1.124
0.395	49.017	36.079	5.788	4.046	1659.575	-1.123
0.397	49.023	36.043	5.804	4.038	1657.138	-1.123
0.398	49.017	36.079	5.804	4.038	1653.482	-1.123
0.400	49.011	36.104	5.812	4.022	1651.045	-1.123
0.401	49.011	36.079	5.821	4.022	1648.608	-1.122
0.403	49.011	36.024	5.821	4.030	1644.953	-1.124
0.405	49.005	35.994	5.821	4.046	1646.171	-1.122
0.406	49.011	36.043	5.829	4.038	1652.264	-1.124
0.408	49.011	36.091	5.829	4.046	1655.919	-1.124
0.409	49.011	36.104	5.829	4.038	1660.793	-1.123
0.411	49.011	36.067	5.845	4.038	1662.012	-1.122
0.412	49.005	36.031	5.845	4.030	1659.575	-1.125
0.414	49.005	36.012	5.845	4.038	1657.138	-1.124
0.415	49.005	36.067	5.853	4.046	1654.701	-1.123
0.417	48.999	36.122	5.862	4.030	1652.264	-1.124
0.418	48.999	36.110	5.862	4.038	1649.827	-1.123
0.420	48.992	36.085	5.853	4.030	1654.701	-1.123
0.422	48.999	36.031	5.878	4.038	1649.827	-1.124
0.423	48.986	36.049	5.878	4.038	1653.482	-1.125
0.425	48.992	36.091	5.878	4.030	1658.356	-1.123
0.426	49.005	36.140	5.878	4.046	1662.012	-1.124
0.428	48.999	36.104	5.886	4.038	1665.667	-1.123
0.429	48.992	36.085	5.894	4.046	1660.793	-1.124
0.431	48.999	36.122	5.894	4.046	1662.012	-1.124
0.432	48.999	36.122	5.903	4.038	1655.919	-1.124
0.434	48.999	36.067	5.903	4.030	1653.482	-1.123
0.436	48.992	36.031	5.903	4.038	1652.264	-1.124
0.437	48.986	36.037	5.911	4.046	1644.953	-1.125
0.439	48.999	36.079	5.911	4.046	1644.953	-1.120
0.440	48.986	36.134	5.903	4.038	1647.390	-1.125
0.442	48.992	36.140	5.911	4.038	1653.482	-1.124
0.443	48.992	36.091	5.919	4.055	1657.138	-1.124
0.445	48.980	36.055	5.919	4.030	1662.012	-1.123
0.446	48.992	36.067	5.919	4.046	1662.012	-1.124
0.448	48.992	36.116	5.935	4.038	1660.793	-1.125
0.449	48.986	36.152	5.927	4.046	1657.138	-1.124
0.451	48.974	36.122	5.935	4.038	1654.701	-1.123
0.453	48.986	36.104	5.935	4.038	1652.264	-1.124
0.454	48.974	36.152	5.935	4.038	1648.608	-1.123
0.456	48.980	36.164	5.952	4.038	1649.827	-1.123
0.457	48.974	36.128	5.960	4.046	1648.608	-1.124
0.459	48.980	36.122	5.952	4.046	1655.919	-1.123
0.460	48.974	36.164	5.960	4.038	1659.575	-1.123
0.462	48.974	36.171	5.944	4.038	1664.449	-1.124
0.463	48.974	36.122	5.960	4.046	1663.230	-1.122
0.465	48.986	36.079	5.968	4.046	1662.012	-1.123
0.467	48.980	36.079	5.968	4.046	1658.356	-1.123
0.468	48.974	36.140	5.968	4.046	1654.701	-1.124
0.470	48.974	36.183	5.985	4.055	1653.482	-1.124
0.471	48.968	36.164	5.993	4.038	1652.264	-1.124
0.473	48.968	36.128	5.985	4.046	1641.297	-1.123
0.474	48.974	36.158	5.985	4.046	1644.953	-1.124
0.476	48.968	36.177	6.001	4.038	1648.608	-1.122
0.477	48.956	36.134	5.993	4.046	1653.482	-1.125
0.479	48.962	36.134	6.001	4.046	1657.138	-1.124
0.480	48.962	36.177	6.001	4.038	1664.449	-1.123
0.482	48.968	36.195	6.009	4.046	1660.793	-1.124
0.484	48.956	36.164	6.009	4.038	1658.356	-1.123
0.485	48.956	36.152	6.017	4.030	1655.919	-1.125
0.487	48.950	36.116	6.009	4.046	1652.264	-1.125
0.488	48.962	36.146	6.017	4.038	1651.045	-1.125
0.490	48.956	36.189	6.009	4.046	1647.390	-1.124
0.491	48.956	36.189	6.034	4.055	1647.390	-1.124
0.493	48.950	36.146	6.034	4.046	1649.827	-1.124
0.494	48.956	36.085	6.025	4.038	1654.701	-1.125
0.496	48.950	36.116	6.042	4.046	1658.356	-1.123
0.498	48.950	36.164	6.034	4.046	1666.886	-1.123
0.499	48.956	36.213	6.042	4.055	1663.230	-1.122
0.501	48.950	36.195	6.050	4.046	1660.793	-1.123
0.502	48.950	36.164	6.034	4.046	1655.919	-1.125
0.504	48.956	36.110	6.058	4.038	1655.919	-1.123
0.505	48.950	36.152	6.050	4.055	1653.482	-1.122
0.507	48.950	36.195	6.066	4.055	1651.045	-1.124
0.508	48.944	36.213	6.058	4.046	1647.390	-1.124
0.510	48.944	36.183	6.058	4.046	1646.171	-1.123
0.511	48.938	36.152	6.058	4.046	1651.045	-1.122
0.513	48.938	36.122	6.066	4.038	1657.138	-1.124
0.515	48.944	36.171	6.083	4.055	1659.575	-1.124
0.516	48.950	36.213	6.083	4.055	1663.230	-1.124
0.518	48.938	36.201	6.083	4.046	1660.793	-1.125
0.519	48.938	36.164	6.083	4.046	1659.575	-1.124
0.521	48.938	36.195	6.091	4.046	1655.919	-1.125
0.522	48.938	36.231	6.091	4.046	1652.264	-1.128
0.524	48.932	36.207	6.091	4.046	1652.264	-1.127
0.525	48.938	36.183	6.099	4.046	1652.264	-1.125
0.527	48.932	36.219	6.107	4.046	1647.390	-1.124
0.529	48.938	36.238	6.107	4.055	1652.264	-1.125
0.530	48.932	36.189	6.091	4.046	1655.919	-1.125
0.532	48.932	36.195	6.116	4.046	1662.012	-1.124
0.533	48.938	36.238	6.107	4.046	1664.449	-1.122
0.535	48.926	36.244	6.107	4.046	1663.230	-1.124
0.536	48.926	36.189	6.116	4.046	1660.793	-1.123
0.538	48.932	36.213	6.116	4.046	1658.356	-1.124
0.539	48.932	36.244	6.116	4.046	1654.701	-1.123
0.541	48.926	36.231	6.124	4.046	1651.045	-1.124
0.542	48.932	36.189	6.124	4.046	1651.045	-1.122
0.544	48.932	36.219	6.132	4.038	1646.171	-1.124
0.546	48.919	36.250	6.132	4.055	1648.608	-1.123
0.547	48.919	36.231	6.140	4.046	1649.827	-1.124
0.549	48.919	36.189	6.140	4.038	1657.138	-1.123
0.550	48.932	36.225	6.148	4.046	1660.793	-1.125
0.552	48.919	36.256	6.140	4.055	1663.230	-1.123
0.553	48.932	36.225	6.157	4.046	1663.230	-1.123
0.555	48.919	36.183	6.148	4.046	1658.356	-1.124
0.556	48.926	36.158	6.148	4.055	1657.138	-1.124
0.558	48.926	36.189	6.157	4.046	1653.482	-1.125
0.560	48.919	36.231	6.148	4.046	1651.045	-1.124
0.561	48.907	36.280	6.157	4.038	1653.482	-1.124
0.563	48.919	36.256	6.157	4.046	1651.045	-1.123
0.564	48.919	36.213	6.165	4.038	1652.264	-1.124
0.566	48.913	36.183	6.181	4.055	1658.356	-1.125
0.567	48.907	36.213	6.173	4.046	1662.012	-1.127
0.569	48.913	36.268	6.173	4.038	1665.667	-1.122
0.570	48.913	36.256	6.173	4.046	1662.012	-1.124
0.572	48.913	36.219	6.181	4.038	1660.793	-1.122
0.573	48.913	36.238	6.181	4.046	1657.138	-1.125
0.575	48.907	36.280	6.181	4.046	1653.482	-1.122
0.577	48.907	36.256	6.189	4.046	1652.264	-1.124
0.578	48.907	36.231	6.189	4.046	1648.608	-1.124
0.580	48.913	36.268	6.189	4.046	1646.171	-1.122
0.581	48.907	36.298	6.206	4.046	1648.608	-1.124
0.583	48.901	36.256	6.197	4.038	1651.045	-1.123
0.584	48.901	36.238	6.197	4.046	1657.138	-1.124
0.586	48.907	36.268	6.206	4.038	1662.012	-1.124
0.587	48.913	36.256	6.214	4.055	1662.012	-1.124
0.589	48.901	36.213	6.222	4.063	1662.012	-1.127
0.591	48.901	36.250	6.214	4.046	1657.138	-1.125
0.592	48.895	36.274	6.214	4.038	1653.482	-1.124
0.594	48.901	36.292	6.214	4.046	1652.264	-1.122
0.595	48.895	36.256	6.214	4.055	1649.827	-1.124
0.597	48.907	36.262	6.222	4.046	1649.827	-1.123
0.598	48.901	36.311	6.222	4.055	1649.827	-1.123
0.600	48.901	36.304	6.214	4.038	1654.701	-1.124
0.601	48.901	36.268	6.222	4.046	1658.356	-1.123
0.603	48.895	36.207	6.222	4.055	1664.449	-1.123
0.604	48.901	36.244	6.230	4.046	1664.449	-1.124
0.606	48.895	36.280	6.222	4.046	1663.230	-1.124
0.608	48.883	36.304	6.247	4.055	1659.575	-1.122
0.609	48.895	36.268	6.238	4.046	1657.138	-1.124
0.611	48.889	36.244	6.230	4.046	1653.482	-1.124
0.612	48.895	36.292	6.247	4.046	1649.827	-1.124
0.614	48.883	36.323	6.255	4.055	1642.516	-1.127
0.615	48.889	36.286	6.230	4.063	1646.171	-1.124
0.617	48.895	36.250	6.255	4.046	1649.827	-1.123
0.618	48.889	36.213	6.255	4.055	1655.919	-1.124
0.620	48.889	36.262	6.247	4.055	1659.575	-1.124
0.622	48.889	36.298	6.247	4.055	1662.012	-1.124
0.623	48.901	36.311	6.255	4.046	1659.575	-1.127
0.625	48.907	36.286	6.255	4.046	1659.575	-1.123
0.626	48.901	36.244	6.263	4.046	1657.138	-1.124
0.628	48.895	36.231	6.247	4.046	1655.919	-1.124
0.629	48.901	36.286	6.238	4.055	1653.482	-1.125
0.631	48.901	36.317	6.238	4.055	1648.608	-1.125
0.632	48.901	36.304	6.222	4.046	1648.608	-1.124
0.634	48.913	36.274	6.222	4.046	1651.045	-1.124
0.635	48.907	36.298	6.230	4.046	1654.701	-1.124
0.637	48.907	36.341	6.214	4.046	1658.356	-1.124
0.639	48.877	36.323	6.222	4.055	1664.449	-1.124
0.640	48.889	36.286	6.230	4.046	1662.012	-1.125
0.642	48.883	36.231	6.222	4.055	1660.793	-1.124
0.643	48.883	36.274	6.230	4.055	1659.575	-1.125
0.645	48.901	36.304	6.238	4.055	1654.701	-1.125
0.646	48.889	36.341	6.238	4.046	1652.264	-1.122
0.648	48.889	36.317	6.230	4.055	1648.608	-1.124
0.649	42.661	36.262	6.214	4.046	1647.390	-1.120
0.651	1.565	36.262	6.165	4.055	1651.045	-1.119
0.653	-0.396	36.292	6.148	4.046	1651.045	-1.124
0.654	-0.493	36.335	6.116	4.046	1651.045	-1.125
0.656	-0.493	36.335	6.066	4.046	1657.138	-1.125
0.657	-0.487	36.304	6.034	4.063	1663.230	-1.125
0.659	-0.499	36.317	5.985	4.055	1662.012	-1.123
0.660	-0.530	36.347	5.952	4.046	1660.793	-1.123
0.662	-0.481	36.335	5.927	4.055	1657.138	-1.124
0.663	-0.481	36.298	5.886	4.046	1652.264	-1.124
0.665	-0.481	36.329	5.853	4.046	1649.827	-1.125
0.666	-0.481	36.365	5.812	4.055	1648.608	-1.122
0.668	-0.475	36.341	5.780	4.046	1649.827	-1.125
0.670	-0.475	36.311	5.763	4.055	1652.264	-1.122
0.671	-0.469	36.262	5.714	4.055	1655.919	-1.123
0.673	-0.457	36.298	5.690	4.063	1662.012	-1.124
0.674	-0.463	36.341	5.657	4.055	1664.449	-1.124
0.676	-0.451	36.341	5.616	4.046	1662.012	-1.124
0.677	-0.451	36.304	5.600	4.055	1659.575	-1.124
0.679	-0.444	36.311	5.559	4.055	1659.575	-1.123
0.680	-0.451	36.347	5.526	4.055	1653.482	-1.120
0.682	-0.438	36.353	5.468	4.055	1652.264	-1.123
0.684	-0.463	36.323	5.444	4.038	1651.045	-1.123
0.685	-0.499	36.292	5.403	4.063	1644.953	-1.124
0.687	-0.426	36.292	5.370	4.055	1646.171	-1.127
0.688	-0.420	36.317	5.346	4.055	1651.045	-1.124
0.690	-0.609	36.365	5.313	4.046	1657.138	-1.123
0.691	44.901	36.353	5.313	4.055	1659.575	-1.123
0.693	48.779	36.317	5.337	4.038	1659.575	-1.124
0.694	48.992	36.280	5.346	4.055	1662.012	-1.124
0.696	49.005	36.298	5.362	4.055	1662.012	-1.120
0.697	49.023	36.347	5.370	4.046	1655.919	-1.122
0.699	49.005	36.371	5.370	4.046	1654.701	-1.123
0.701	49.029	36.365	5.378	4.055	1649.827	-1.123
0.702	49.029	36.347	5.395	4.046	1654.701	-1.123
0.704	49.029	36.304	5.411	4.055	1649.827	-1.122
0.705	49.041	36.323	5.411	4.046	1652.264	-1.122
0.707	49.029	36.359	5.436	4.046	1655.919	-1.120
0.708	49.053	36.359	5.436	4.055	1658.356	-1.122
0.710	49.047	36.335	5.444	4.055	1664.449	-1.122
0.711	49.053	36.347	5.452	4.046	1663.230	-1.120
0.713	49.047	36.384	5.452	4.046	1659.575	-1.120
0.715	49.053	36.371	5.452	4.046	1659.575	-1.120
0.716	49.126	36.335	5.468	4.046	1655.919	-1.120
0.718	49.047	36.359	5.477	4.046	1651.045	-1.120
0.719	49.059	36.384	5.485	4.055	1648.608	-1.122
0.721	49.053	36.353	5.485	4.055	1646.171	-1.119
0.722	49.047	36.335	5.485	4.055	1646.171	-1.122
0.724	49.066	36.359	5.501	4.046	1653.482	-1.119
0.725	49.053	36.384	5.493	4.055	1655.919	-1.122
0.727	49.059	36.353	5.509	4.055	1662.012	-1.120
0.728	49.078	36.341	5.509	4.055	1664.449	-1.120
0.730	49.053	36.378	5.509	4.046	1659.575	-1.120
0.732	49.066	36.384	5.518	4.055	1659.575	-1.122
0.733	49.053	36.341	5.526	4.046	1654.701	-1.120
0.735	49.053	36.353	5.526	4.046	1652.264	-1.120
0.736	49.059	36.378	5.526	4.038	1649.827	-1.119
0.738	49.066	36.384	5.534	4.055	1652.264	-1.119
0.739	49.066	36.341	5.542	4.055	1649.827	-1.120
0.741	49.053	36.365	5.542	4.046	1653.482	-1.120
0.742	49.059	36.390	5.550	4.055	1658.356	-1.122
0.744	49.053	36.396	5.567	4.046	1662.012	-1.119
0.746	49.053	36.359	5.550	4.055	1664.449	-1.119
0.747	49.053	36.304	5.550	4.046	1662.012	-1.122
0.749	49.059	36.323	5.567	4.055	1659.575	-1.119
0.750	49.053	36.365	5.567	4.063	1655.919	-1.120
0.752	49.053	36.390	5.567	4.046	1652.264	-1.119
0.753	49.059	36.378	5.583	4.055	1651.045	-1.120
0.755	49.059	36.347	5.583	4.046	1643.734	-1.119
0.756	49.053	36.317	5.591	4.055	1643.734	-1.119
0.758	49.047	36.347	5.608	4.046	1648.608	-1.119
0.759	49.053	36.378	5.591	4.046	1653.482	-1.120
0.761	49.053	36.390	5.600	4.046	1657.138	-1.118
0.763	49.066	36.396	5.608	4.055	1662.012	-1.119
0.764	49.053	36.371	5.600	4.055	1662.012	-1.119
0.766	49.053	36.396	5.608	4.038	1659.575	-1.120
0.767	49.059	36.402	5.616	4.046	1657.138	-1.119
0.769	49.041	36.365	5.616	4.038	1655.919	-1.118
0.770	49.005	36.329	5.624	4.063	1653.482	-1.119
0.772	49.035	36.323	5.640	4.055	1652.264	-1.119
0.773	49.041	36.359	5.632	4.046	1648.608	-1.119
0.775	49.041	36.396	5.640	4.038	1651.045	-1.120
0.777	49.041	36.402	5.632	4.055	1653.482	-1.120
0.778	49.041	36.365	5.649	4.046	1657.138	-1.118
0.780	49.041	36.390	5.640	4.046	1664.449	-1.120
0.781	49.047	36.402	5.657	4.046	1664.449	-1.119
0.783	49.047	36.396	5.657	4.046	1662.012	-1.119
0.784	49.047	36.365	5.665	4.055	1657.138	-1.119
0.786	49.041	36.396	5.673	4.046	1658.356	-1.119
0.787	49.041	36.414	5.665	4.055	1652.264	-1.118
0.789	49.041	36.414	5.673	4.046	1651.045	-1.117
0.790	49.041	36.365	5.673	4.038	1643.734	-1.119
0.792	49.041	36.329	5.681	4.046	1644.953	-1.119
0.794	49.041	36.353	5.673	4.055	1651.045	-1.118
0.795	49.035	36.384	5.690	4.055	1653.482	-1.119
0.797	49.035	36.402	5.690	4.046	1658.356	-1.120
0.798	49.035	36.371	5.690	4.055	1662.012	-1.119
0.800	49.029	36.335	5.706	4.046	1660.793	-1.120
0.801	49.041	36.335	5.698	4.055	1658.356	-1.120
0.803	49.029	36.353	5.722	4.038	1654.701	-1.119
0.804	49.035	36.396	5.706	4.046	1654.701	-1.119
0.806	49.035	36.408	5.706	4.046	1649.827	-1.119
0.808	49.029	36.378	5.722	4.046	1649.827	-1.122
0.809	49.029	36.341	5.722	4.038	1648.608	-1.120
0.811	49.023	36.353	5.731	4.046	1651.045	-1.119
0.812	49.029	36.384	5.714	4.055	1654.701	-1.120
0.814	49.017	36.414	5.722	4.055	1660.793	-1.119
0.815	49.023	36.408	5.739	4.046	1663.230	-1.120
0.817	49.023	36.371	5.739	4.046	1664.449	-1.119
0.818	49.029	36.402	5.739	4.063	1660.793	-1.119
0.820	49.023	36.420	5.747	4.055	1658.356	-1.120
0.821	49.023	36.414	5.747	4.046	1655.919	-1.119
0.823	49.029	36.390	5.755	4.038	1651.045	-1.120
0.825	49.017	36.408	5.755	4.055	1651.045	-1.119
0.826	49.023	36.420	5.755	4.063	1644.953	-1.120
0.828	49.017	36.384	5.763	4.038	1646.171	-1.120
0.829	49.017	36.396	5.763	4.046	1651.045	-1.119
0.831	49.023	36.420	5.763	4.038	1654.701	-1.120
0.832	49.017	36.414	5.780	4.055	1660.793	-1.119
0.834	49.023	36.378	5.780	4.046	1663.230	-1.120
0.835	49.017	36.396	5.788	4.055	1662.012	-1.119
0.837	49.011	36.420	5.788	4.055	1658.356	-1.119
0.839	49.011	36.414	5.788	4.055	1655.919	-1.120
0.840	49.005	36.378	5.796	4.055	1654.701	-1.120
0.842	49.011	36.396	5.780	4.046	1651.045	-1.120
0.843	49.011	36.414	5.796	4.046	1647.390	-1.120
0.845	49.005	36.402	5.804	4.046	1648.608	-1.120
0.846	49.011	36.371	5.804	4.046	1651.045	-1.122
0.848	49.011	36.408	5.812	4.046	1657.138	-1.120
0.849	49.005	36.420	5.812	4.046	1660.793	-1.120
0.851	49.011	36.378	5.821	4.038	1663.230	-1.119
0.852	49.005	36.371	5.821	4.046	1662.012	-1.120
0.854	49.011	36.396	5.812	4.046	1660.793	-1.120
0.856	49.005	36.402	5.821	4.046	1658.356	-1.119
0.857	48.992	36.359	5.812	4.046	1654.701	-1.119
0.859	49.005	36.378	5.812	4.038	1653.482	-1.119
0.860	48.992	36.402	5.829	4.038	1648.608	-1.120
0.862	48.999	36.402	5.845	4.038	1647.390	-1.120
0.863	49.005	36.365	5.845	4.046	1647.390	-1.119
0.865	48.999	36.396	5.845	4.046	1651.045	-1.120
0.866	48.992	36.408	5.845	4.046	1657.138	-1.122
0.868	48.986	36.390	5.845	4.055	1660.793	-1.122
0.870	48.999	36.353	5.853	4.046	1663.230	-1.122
0.871	48.999	36.384	5.862	4.046	1662.012	-1.122
0.873	48.999	36.420	5.845	4.038	1658.356	-1.122
0.874	48.992	36.402	5.870	4.055	1654.701	-1.123
0.876	48.992	36.365	5.870	4.055	1653.482	-1.122
0.877	48.992	36.390	5.870	4.046	1648.608	-1.120
0.879	48.986	36.420	5.870	4.046	1655.919	-1.123
0.880	48.986	36.384	5.878	4.038	1648.608	-1.122
0.882	48.992	36.365	5.870	4.046	1651.045	-1.123
0.883	48.986	36.384	5.886	4.046	1657.138	-1.120
0.885	48.992	36.426	5.878	4.055	1660.793	-1.122
0.887	48.986	36.396	5.878	4.038	1663.230	-1.120
0.888	48.986	36.353	5.886	4.046	1662.012	-1.122
0.890	48.986	36.329	5.894	4.046	1659.575	-1.119
0.891	48.986	36.359	5.886	4.046	1657.138	-1.122
0.893	48.986	36.384	5.903	4.038	1653.482	-1.119
0.894	48.980	36.384	5.903	4.046	1652.264	-1.122
0.896	48.980	36.359	5.911	4.030	1648.608	-1.122
0.897	48.986	36.371	5.911	4.046	1646.171	-1.122
0.899	48.980	36.396	5.911	4.038	1647.390	-1.122
0.901	48.974	36.371	5.919	4.046	1653.482	-1.120
0.902	48.974	36.347	5.903	4.038	1657.138	-1.123
0.904	48.974	36.359	5.919	4.046	1664.449	-1.120
0.905	48.980	36.390	5.935	4.038	1662.012	-1.122
0.907	48.974	36.396	5.927	4.046	1660.793	-1.122
0.908	48.974	36.359	5.927	4.038	1655.919	-1.122
0.910	48.974	36.323	5.935	4.055	1654.701	-1.120
0.911	48.968	36.335	5.935	4.038	1651.045	-1.122
0.913	48.974	36.371	5.944	4.055	1648.608	-1.122
0.914	48.968	36.384	5.944	4.038	1651.045	-1.120
0.916	48.974	36.384	5.944	4.038	1649.827	-1.123
0.918	48.962	36.359	5.944	4.055	1654.701	-1.120
0.919	48.962	36.323	5.944	4.038	1657.138	-1.123
0.921	48.968	36.341	5.935	4.038	1663.230	-1.120
0.922	48.962	36.359	5.952	4.038	1663.230	-1.122
0.924	48.962	36.384	5.960	4.046	1662.012	-1.120
0.925	48.968	36.359	5.968	4.038	1659.575	-1.123
0.927	48.956	36.329	5.968	4.038	1655.919	-1.123
0.928	48.956	36.317	5.960	4.038	1654.701	-1.122
0.930	48.962	36.341	5.968	4.038	1653.482	-1.122
0.932	48.962	36.371	5.976	4.055	1642.516	-1.122
0.933	48.962	36.384	5.976	4.038	1646.171	-1.122
0.935	48.962	36.384	5.985	4.046	1651.045	-1.120
0.936	48.956	36.347	5.976	4.038	1652.264	-1.122
0.938	48.962	36.329	5.985	4.030	1658.356	-1.120
0.939	48.956	36.353	5.993	4.038	1663.230	-1.123
0.941	48.962	36.390	6.001	4.038	1663.230	-1.120
0.942	48.956	36.390	5.993	4.038	1657.138	-1.123
0.944	48.950	36.353	6.009	4.046	1657.138	-1.123
0.945	48.950	36.323	5.993	4.030	1654.701	-1.123
0.947	48.956	36.341	6.009	4.038	1652.264	-1.123
0.949	48.950	36.353	6.009	4.038	1647.390	-1.122
0.950	48.944	36.390	6.001	4.046	1648.608	-1.122
0.952	48.950	36.390	6.017	4.038	1649.827	-1.122
0.953	48.944	36.365	6.017	4.038	1653.482	-1.122
0.955	48.950	36.317	6.025	4.038	1660.793	-1.122
0.956	48.950	36.347	6.034	4.046	1662.012	-1.124
0.958	48.950	36.365	6.025	4.038	1665.667	-1.120
0.959	48.944	36.396	6.034	4.030	1662.012	-1.122
0.961	48.950	36.384	6.034	4.038	1658.356	-1.122
0.963	48.938	36.359	6.042	4.046	1654.701	-1.122
0.964	48.944	36.329	6.050	4.046	1653.482	-1.120
0.966	48.950	36.353	6.050	4.046	1649.827	-1.123
0.967	48.944	36.378	6.034	4.046	1643.734	-1.123
0.969	48.938	36.384	6.042	4.055	1644.953	-1.122
0.970	48.944	36.359	6.042	4.038	1651.045	-1.123
0.972	48.938	36.365	6.050	4.046	1654.701	-1.122
0.973	48.932	36.390	6.050	4.022	1658.356	-1.123
0.975	48.938	36.365	6.058	4.030	1662.012	-1.120
0.976	48.944	36.341	6.066	4.038	1662.012	-1.122
0.978	48.944	36.365	6.058	4.038	1660.793	-1.123
0.980	48.932	36.384	6.066	4.022	1657.138	-1.120
0.981	48.932	36.353	6.075	4.038	1654.701	-1.123
0.983	48.938	36.341	6.075	4.038	1651.045	-1.120
0.984	48.932	36.359	6.075	4.038	1647.390	-1.122
0.986	48.938	36.371	6.083	4.046	1648.608	-1.123
0.987	48.932	36.347	6.075	4.038	1652.264	-1.123
0.989	48.932	36.335	6.083	4.038	1654.701	-1.122
0.990	48.932	36.371	6.099	4.030	1658.356	-1.123
0.992	48.938	36.371	6.091	4.038	1664.449	-1.122
0.994	48.932	36.323	6.091	4.038	1664.449	-1.122
0.995	48.932	36.274	6.091	4.030	1660.793	-1.122
0.997	48.932	36.286	6.107	4.038	1657.138	-1.123
0.998	48.932	36.304	6.091	4.046	1655.919	-1.122
1.000	48.932	36.335	6.099	4.030	1652.264	-1.123
1.001	48.919	36.347	6.099	4.038	1649.827	-1.123
1.003	48.919	36.329	6.107	4.038	1646.171	-1.123
1.004	48.932	36.292	6.124	4.038	1646.171	-1.122
1.006	48.926	36.286	6.116	4.030	1649.827	-1.123
1.007	48.913	36.317	6.124	4.030	1657.138	-1.122
1.009	48.926	36.335	6.116	4.030	1660.793	-1.123
1.011	48.919	36.353	6.132	4.030	1663.230	-1.123
1.012	48.913	36.329	6.124	4.030	1662.012	-1.122
