Time (ms)	Ch1 V	Ch2 V	Ch1 A	Ch2 A	RPM	Torque
0.000	49.455	19.945	3.282	2.277	917.518	-0.708
0.002	49.449	19.957	3.314	2.277	915.081	-0.709
0.003	49.449	19.945	3.322	2.285	913.863	-0.709
0.005	49.449	19.945	3.347	2.269	912.644	-0.709
0.006	49.449	19.933	3.363	2.269	911.426	-0.708
0.008	49.437	19.939	3.388	2.277	908.989	-0.708
0.009	49.437	19.933	3.404	2.285	908.989	-0.709
0.011	49.431	19.933	3.413	2.277	905.333	-0.708
0.012	49.425	19.939	3.445	2.277	905.333	-0.707
0.014	49.425	19.921	3.454	2.285	904.115	-0.707
0.015	49.431	19.933	3.478	2.269	902.896	-0.708
0.017	49.425	19.933	3.494	2.285	901.678	-0.708
0.019	49.419	19.939	3.527	2.277	898.022	-0.708
0.020	49.413	19.921	3.519	2.277	900.459	-0.707
0.022	49.407	19.933	3.552	2.285	893.149	-0.708
0.023	49.407	19.927	3.568	2.277	896.804	-0.708
0.025	49.407	19.921	3.576	2.277	902.896	-0.708
0.026	49.407	19.933	3.593	2.285	908.989	-0.708
0.028	49.394	19.933	3.617	2.285	913.863	-0.708
0.029	49.394	19.939	3.617	2.285	917.518	-0.709
0.031	49.376	19.945	3.650	2.277	919.955	-0.708
0.033	49.382	19.933	3.675	2.285	916.300	-0.708
0.034	49.376	19.951	3.675	2.285	916.300	-0.708
0.036	49.364	19.939	3.691	2.277	915.081	-0.710
0.037	49.340	19.951	3.724	2.277	913.863	-0.708
0.039	49.358	19.933	3.724	2.285	910.207	-0.707
0.040	49.352	19.945	3.748	2.277	911.426	-0.709
0.042	49.358	19.939	3.765	2.277	908.989	-0.709
0.043	49.352	19.945	3.781	2.277	908.989	-0.710
0.045	49.352	19.933	3.798	2.277	906.552	-0.710
0.046	49.364	19.945	3.814	2.285	905.333	-0.709
0.048	49.340	19.939	3.822	2.277	904.115	-0.709
0.050	49.340	19.939	3.830	2.285	901.678	-0.710
0.051	49.340	19.921	3.863	2.285	901.678	-0.709
0.053	49.333	19.939	3.879	2.277	898.022	-0.710
0.054	49.333	19.933	3.896	2.277	893.149	-0.709
0.056	49.321	19.939	3.896	2.277	895.585	-0.708
0.057	49.321	19.933	3.920	2.285	902.896	-0.710
0.059	49.321	19.945	3.945	2.285	908.989	-0.709
0.060	49.315	19.921	3.961	2.277	913.863	-0.710
0.062	49.303	19.933	3.978	2.277	917.518	-0.710
0.064	49.309	19.927	3.986	2.285	917.518	-0.711
0.065	49.303	19.927	4.002	2.269	915.081	-0.708
0.067	49.309	19.927	4.010	2.277	915.081	-0.711
0.068	49.303	19.927	4.027	2.277	912.644	-0.709
0.070	49.303	19.933	4.043	2.285	911.426	-0.713
0.071	49.291	19.933	4.060	2.285	911.426	-0.711
0.073	49.285	19.921	4.076	2.277	907.770	-0.711
0.074	49.285	19.921	4.092	2.277	908.989	-0.710
0.076	49.285	19.927	4.109	2.277	905.333	-0.711
0.077	49.279	19.915	4.125	2.277	904.115	-0.713
0.079	49.273	19.927	4.125	2.277	902.896	-0.711
0.081	49.273	19.927	4.150	2.277	901.678	-0.711
0.082	49.266	19.933	4.158	2.285	900.459	-0.711
0.084	49.266	19.927	4.174	2.277	898.022	-0.713
0.085	49.260	19.927	4.191	2.277	899.241	-0.713
0.087	49.260	19.915	4.199	2.285	904.115	-0.710
0.088	49.254	19.927	4.215	2.277	901.678	-0.713
0.090	49.248	19.915	4.232	2.269	902.896	-0.713
0.091	49.236	19.933	4.256	2.277	911.426	-0.713
0.093	49.242	19.927	4.264	2.277	915.081	-0.710
0.095	49.242	19.939	4.273	2.277	921.174	-0.710
0.096	49.230	19.927	4.281	2.277	918.737	-0.711
0.098	49.230	19.939	4.305	2.269	917.518	-0.711
0.099	49.224	19.927	4.314	2.277	917.518	-0.710
0.101	49.224	19.939	4.338	2.277	912.644	-0.713
0.102	49.218	19.933	4.355	2.269	912.644	-0.713
0.104	49.218	19.945	4.363	2.293	908.989	-0.713
0.105	49.218	19.927	4.371	2.277	910.207	-0.713
0.107	49.206	19.957	4.395	2.269	906.552	-0.710
0.108	49.199	19.939	4.412	2.277	908.989	-0.711
0.110	49.206	19.945	4.404	2.277	906.552	-0.714
0.112	49.193	19.933	4.436	2.269	905.333	-0.713
0.113	49.193	19.939	4.453	2.277	902.896	-0.711
0.115	49.187	19.927	4.461	2.277	902.896	-0.714
0.116	49.187	19.933	4.469	2.277	901.678	-0.713
0.118	49.181	19.933	4.486	2.277	899.241	-0.714
0.119	49.175	19.939	4.486	2.277	898.022	-0.711
0.121	49.181	19.933	4.502	2.277	898.022	-0.713
0.122	49.169	19.939	4.518	2.277	905.333	-0.713
0.124	49.175	19.933	4.535	2.269	910.207	-0.714
0.126	49.169	19.927	4.559	2.269	916.300	-0.713
0.127	49.157	19.933	4.576	2.285	918.737	-0.713
0.129	49.163	19.933	4.584	2.285	917.518	-0.714
0.130	49.151	19.927	4.592	2.269	915.081	-0.715
0.132	49.157	19.921	4.608	2.277	913.863	-0.714
0.133	49.151	19.921	4.608	2.269	912.644	-0.713
0.135	49.139	19.915	4.641	2.285	911.426	-0.715
0.136	49.139	19.927	4.649	2.269	910.207	-0.714
0.138	49.139	19.927	4.658	2.269	907.770	-0.715
0.139	49.145	19.939	4.674	2.277	907.770	-0.713
0.141	49.133	19.921	4.699	2.269	904.115	-0.714
0.143	49.126	19.933	4.707	2.285	906.552	-0.714
0.144	49.126	19.927	4.715	2.277	902.896	-0.715
0.146	49.120	19.927	4.731	2.277	900.459	-0.715
0.147	49.114	19.915	4.739	2.269	900.459	-0.715
0.149	49.114	19.939	4.756	2.269	899.241	-0.714
0.150	49.114	19.915	4.780	2.277	896.804	-0.714
0.152	49.108	19.921	4.789	2.277	896.804	-0.714
0.153	49.102	19.921	4.797	2.269	901.678	-0.715
0.155	49.096	19.921	4.813	2.269	907.770	-0.713
0.157	49.102	19.915	4.830	2.277	911.426	-0.715
0.158	49.090	19.909	4.846	2.277	919.955	-0.714
0.160	49.084	19.915	4.846	2.277	918.737	-0.715
0.161	24.639	19.921	4.797	2.269	933.358	-0.711
0.163	0.804	19.915	4.797	2.277	923.611	-0.713
0.164	-0.329	19.921	4.797	2.269	910.207	-0.716
0.166	-0.384	19.909	4.756	2.261	910.207	-0.714
0.167	-0.390	19.915	4.739	2.285	912.644	-0.714
0.169	-0.390	19.915	4.699	2.277	912.644	-0.714
0.170	-0.396	19.921	4.674	2.277	908.989	-0.716
0.172	-0.390	19.903	4.649	2.277	907.770	-0.714
0.174	-0.390	19.927	4.633	2.277	905.333	-0.715
0.175	-0.390	19.915	4.600	2.293	906.552	-0.715
0.177	-0.384	19.927	4.584	2.285	904.115	-0.716
0.178	-0.377	19.915	4.559	2.277	901.678	-0.715
0.180	-0.384	19.915	4.527	2.285	901.678	-0.715
0.181	-0.384	19.921	4.510	2.277	899.241	-0.714
0.183	-0.371	19.909	4.502	2.285	891.930	-0.714
0.184	-0.377	19.921	4.469	2.277	894.367	-0.715
0.186	-0.371	19.909	4.445	2.277	900.459	-0.715
0.188	-0.377	19.903	4.428	2.269	906.552	-0.716
0.189	-0.371	19.903	4.404	2.277	911.426	-0.715
0.191	-0.371	19.909	4.379	2.269	917.518	-0.716
0.192	-0.365	19.909	4.363	2.277	918.737	-0.716
0.194	-0.371	19.909	4.346	2.277	915.081	-0.718
0.195	-0.371	19.903	4.330	2.269	916.300	-0.714
0.197	-0.359	19.909	4.314	2.277	913.863	-0.718
0.198	-0.365	19.903	4.289	2.277	913.863	-0.716
0.200	-0.365	19.909	4.273	2.285	908.989	-0.715
0.201	-0.347	19.897	4.256	2.277	908.989	-0.716
0.203	-0.365	19.909	4.248	2.285	908.989	-0.715
0.205	-0.359	19.890	4.215	2.277	906.552	-0.715
0.206	-0.353	19.909	4.191	2.277	904.115	-0.719
0.208	-0.359	19.897	4.183	2.277	901.678	-0.715
0.209	-0.347	19.909	4.150	2.269	904.115	-0.714
0.211	-0.359	19.897	4.150	2.277	900.459	-0.715
0.212	-0.353	19.897	4.117	2.277	900.459	-0.716
0.214	-0.347	19.890	4.109	2.277	898.022	-0.715
0.215	-0.353	19.909	4.092	2.269	901.678	-0.714
0.217	-0.347	19.897	4.068	2.269	898.022	-0.715
0.219	-0.335	19.897	4.051	2.269	902.896	-0.716
0.220	-0.353	19.878	4.051	2.269	910.207	-0.715
0.222	-0.335	19.884	4.019	2.277	915.081	-0.716
0.223	-0.347	19.878	4.002	2.285	921.174	-0.715
0.225	-0.341	19.878	3.986	2.277	917.518	-0.714
0.226	-0.341	19.872	3.978	2.277	918.737	-0.714
0.228	-0.335	19.884	3.953	2.269	915.081	-0.716
0.229	-0.323	19.872	3.937	2.285	915.081	-0.715
0.231	-0.335	19.884	3.920	2.269	913.863	-0.713
0.232	-0.323	19.878	3.896	2.269	912.644	-0.714
0.234	-0.323	19.890	3.888	2.269	908.989	-0.714
0.236	-0.329	19.884	3.871	2.269	907.770	-0.715
0.237	-0.329	19.872	3.863	2.285	907.770	-0.713
0.239	-0.323	19.872	3.838	2.269	904.115	-0.713
0.240	-0.329	19.860	3.822	2.269	905.333	-0.711
0.242	-0.329	19.878	3.814	2.277	902.896	-0.715
0.243	-0.311	19.866	3.773	2.277	902.896	-0.713
0.245	-0.317	19.872	3.773	2.277	900.459	-0.713
0.246	-0.317	19.866	3.757	2.269	901.678	-0.711
0.248	-0.317	19.866	3.748	2.277	893.149	-0.713
0.250	-0.317	19.860	3.724	2.285	899.241	-0.715
0.251	-0.311	19.872	3.716	2.269	902.896	-0.714
0.253	-0.311	19.854	3.699	2.277	907.770	-0.715
0.254	-0.311	19.878	3.675	2.277	915.081	-0.713
0.256	-0.304	19.860	3.650	2.277	917.518	-0.713
0.257	-0.304	19.866	3.658	2.277	918.737	-0.713
0.259	-0.298	19.860	3.634	2.277	916.300	-0.715
0.260	-0.304	19.878	3.617	2.277	915.081	-0.715
0.262	-0.304	19.860	3.593	2.277	912.644	-0.714
0.263	-0.298	19.872	3.585	2.269	912.644	-0.715
0.265	-0.304	19.860	3.568	2.277	911.426	-0.714
0.267	-0.304	19.866	3.552	2.269	908.989	-0.714
0.268	-0.292	19.866	3.544	2.285	906.552	-0.715
0.270	-0.292	19.860	3.527	2.269	906.552	-0.714
0.271	-0.292	19.854	3.519	2.277	906.552	-0.713
0.273	-0.304	19.848	3.503	2.269	902.896	-0.714
0.274	-0.292	19.854	3.494	2.277	902.896	-0.714
0.276	-0.292	19.854	3.462	2.269	898.022	-0.714
0.277	-0.292	19.848	3.454	2.277	900.459	-0.711
0.279	-0.298	19.836	3.429	2.277	895.585	-0.714
0.281	-0.292	19.848	3.437	2.277	900.459	-0.713
0.282	-0.280	19.836	3.413	2.269	901.678	-0.711
0.284	-0.280	19.842	3.388	2.269	906.552	-0.713
0.285	-0.286	19.836	3.380	2.285	915.081	-0.714
0.287	-0.280	19.848	3.363	2.269	916.300	-0.711
0.288	-0.292	19.830	3.339	2.269	917.518	-0.713
0.290	-0.286	19.836	3.331	2.269	919.955	-0.713
0.291	-0.274	19.823	3.322	2.277	916.300	-0.710
0.293	-0.280	19.836	3.298	2.277	915.081	-0.710
0.294	-0.274	19.817	3.290	2.277	913.863	-0.711
0.296	-0.274	19.830	3.282	2.277	911.426	-0.713
0.298	-0.268	19.830	3.265	2.269	910.207	-0.711
0.299	-0.274	19.842	3.249	2.277	910.207	-0.711
0.301	-0.274	19.823	3.232	2.277	906.552	-0.713
0.302	-0.268	19.836	3.216	2.293	906.552	-0.710
0.304	-0.262	19.830	3.200	2.277	905.333	-0.714
0.305	-0.268	19.836	3.183	2.269	904.115	-0.711
0.307	-0.268	19.811	3.175	2.277	902.896	-0.713
0.308	-0.268	19.817	3.159	2.285	901.678	-0.710
0.310	-0.262	19.817	3.150	2.261	899.241	-0.711
0.312	-0.262	19.830	3.142	2.269	894.367	-0.711
0.313	-0.262	19.811	3.118	2.261	894.367	-0.711
0.315	-0.262	19.811	3.101	2.285	898.022	-0.710
0.316	-0.256	19.817	3.093	2.277	906.552	-0.711
0.318	-0.262	19.805	3.069	2.285	911.426	-0.714
0.319	-0.256	19.805	3.060	2.277	917.518	-0.711
0.321	-0.256	19.799	3.052	2.277	918.737	-0.714
0.322	-0.250	19.799	3.036	2.285	917.518	-0.713
0.324	-0.250	19.793	3.028	2.277	916.300	-0.713
0.325	-0.256	19.799	3.003	2.269	915.081	-0.714
0.327	-0.250	19.781	2.995	2.269	912.644	-0.713
0.329	-0.250	19.805	2.978	2.269	911.426	-0.711
0.330	-0.244	19.793	2.954	2.277	908.989	-0.713
0.332	-0.250	19.793	2.954	2.269	908.989	-0.713
0.333	-0.250	19.775	2.946	2.277	907.770	-0.709
0.335	-0.244	19.781	2.921	2.285	905.333	-0.713
0.336	-0.250	19.781	2.913	2.269	902.896	-0.714
0.338	-0.244	19.781	2.905	2.277	900.459	-0.710
0.339	-0.237	19.775	2.880	2.277	900.459	-0.711
0.341	-0.231	19.775	2.864	2.277	899.241	-0.711
0.343	-0.237	19.757	2.864	2.269	900.459	-0.713
0.344	-0.231	19.757	2.839	2.277	896.804	-0.711
0.346	-0.237	19.744	2.823	2.277	899.241	-0.711
0.347	-0.231	19.750	2.806	2.277	901.678	-0.710
0.349	-0.225	19.744	2.798	2.269	908.989	-0.711
0.350	-0.225	19.757	2.790	2.277	912.644	-0.711
0.352	-0.231	19.744	2.782	2.269	918.737	-0.710
0.353	-0.219	19.744	2.749	2.261	918.737	-0.710
0.355	-0.237	19.738	2.757	2.277	918.737	-0.711
0.356	-0.237	19.732	2.733	2.261	916.300	-0.709
0.358	43.099	19.732	2.749	2.277	930.922	-0.707
0.360	49.157	19.726	2.774	2.269	915.081	-0.710
0.361	49.443	19.732	2.815	2.277	908.989	-0.710
0.363	49.492	19.726	2.847	2.277	908.989	-0.710
0.364	49.486	19.726	2.880	2.269	911.426	-0.710
0.366	49.492	19.720	2.897	2.277	908.989	-0.710
0.367	49.492	19.726	2.929	2.285	906.552	-0.710
0.369	49.486	19.720	2.954	2.285	905.333	-0.709
0.370	49.486	19.726	2.978	2.285	904.115	-0.711
0.372	49.486	19.708	3.003	2.277	901.678	-0.708
0.374	49.486	19.714	3.019	2.277	900.459	-0.709
0.375	49.492	19.702	3.052	2.277	899.241	-0.710
0.377	49.473	19.714	3.069	2.285	893.149	-0.711
0.378	49.480	19.690	3.093	2.277	898.022	-0.710
0.380	49.473	19.714	3.109	2.277	901.678	-0.709
0.381	49.473	19.690	3.134	2.285	907.770	-0.710
0.383	49.467	19.702	3.159	2.277	912.644	-0.710
0.384	49.473	19.690	3.159	2.269	921.174	-0.711
0.386	49.467	19.702	3.200	2.277	918.737	-0.709
0.387	49.455	19.677	3.224	2.277	916.300	-0.711
0.389	49.461	19.677	3.232	2.277	915.081	-0.709
0.391	49.455	19.671	3.257	2.277	913.863	-0.711
0.392	49.449	19.665	3.273	2.293	911.426	-0.711
0.394	49.449	19.665	3.298	2.293	910.207	-0.711
0.395	49.449	19.647	3.298	2.277	908.989	-0.709
0.397	49.449	19.659	3.339	2.269	906.552	-0.711
0.398	49.437	19.647	3.363	2.277	905.333	-0.710
0.400	49.437	19.641	3.363	2.285	905.333	-0.710
0.401	49.437	19.629	3.388	2.277	905.333	-0.711
0.403	49.437	19.629	3.421	2.277	901.678	-0.710
0.405	49.425	19.623	3.429	2.277	898.022	-0.710
0.406	49.425	19.629	3.437	2.277	900.459	-0.710
0.408	49.419	19.616	3.462	2.277	896.804	-0.710
0.409	49.419	19.629	3.478	2.269	904.115	-0.709
0.411	49.419	19.616	3.503	2.277	899.241	-0.710
0.412	49.419	19.629	3.511	2.285	906.552	-0.711
0.414	49.419	19.604	3.535	2.277	910.207	-0.710
0.415	49.400	19.616	3.552	2.269	915.081	-0.710
0.417	49.394	19.592	3.568	2.285	921.174	-0.710
0.418	49.394	19.598	3.593	2.285	917.518	-0.711
0.420	49.394	19.586	3.609	2.269	917.518	-0.710
0.422	49.382	19.580	3.626	2.285	915.081	-0.711
0.423	49.388	19.574	3.650	2.269	916.300	-0.711
0.425	49.382	19.568	3.666	2.285	910.207	-0.713
0.426	49.376	19.562	3.666	2.285	912.644	-0.711
0.428	49.376	19.556	3.691	2.277	907.770	-0.713
0.429	49.376	19.562	3.707	2.277	908.989	-0.711
0.431	49.364	19.543	3.732	2.285	907.770	-0.713
0.432	49.364	19.550	3.748	2.277	905.333	-0.713
0.434	49.352	19.537	3.757	2.285	904.115	-0.711
0.436	49.321	19.537	3.773	2.285	901.678	-0.714
0.437	49.352	19.537	3.789	2.277	901.678	-0.711
0.439	49.352	19.543	3.798	2.269	898.022	-0.713
0.440	49.346	19.531	3.822	2.277	900.459	-0.714
0.442	49.346	19.537	3.838	2.285	894.367	-0.713
0.443	49.340	19.507	3.847	2.285	899.241	-0.710
0.445	49.333	19.531	3.871	2.302	904.115	-0.713
0.446	49.333	19.507	3.879	2.277	911.426	-0.713
0.448	49.333	19.513	3.904	2.285	916.300	-0.714
0.449	49.321	19.501	3.912	2.285	918.737	-0.713
0.451	49.321	19.507	3.945	2.269	917.518	-0.713
0.453	49.315	19.495	3.937	2.277	916.300	-0.714
0.454	49.309	19.495	3.953	2.277	913.863	-0.714
0.456	49.309	19.483	3.978	2.277	912.644	-0.715
0.457	49.303	19.483	4.002	2.277	913.863	-0.714
0.459	49.303	19.470	4.002	2.285	908.989	-0.715
0.460	49.303	19.464	4.010	2.285	908.989	-0.715
0.462	49.291	19.452	4.035	2.285	906.552	-0.714
0.463	49.291	19.452	4.051	2.277	905.333	-0.715
0.465	49.285	19.440	4.060	2.285	904.115	-0.714
0.467	49.273	19.422	4.076	2.277	902.896	-0.715
0.468	49.273	19.428	4.101	2.277	901.678	-0.714
0.470	49.273	19.403	4.109	2.285	899.241	-0.716
0.471	49.266	19.403	4.109	2.277	900.459	-0.713
0.473	49.266	19.385	4.133	2.285	895.585	-0.714
0.474	49.260	19.397	4.158	2.277	898.022	-0.715
0.476	49.266	19.373	4.166	2.293	899.241	-0.714
0.477	49.260	19.361	4.199	2.285	908.989	-0.715
0.479	49.254	19.349	4.199	2.277	913.863	-0.716
0.480	49.254	19.324	4.199	2.285	917.518	-0.714
0.482	49.254	19.318	4.223	2.285	918.737	-0.715
0.484	49.242	19.288	4.240	2.285	919.955	-0.714
0.485	49.242	19.276	4.264	2.285	916.300	-0.713
0.487	49.242	19.245	4.273	2.293	915.081	-0.715
0.488	49.236	19.282	4.289	2.293	911.426	-0.713
0.490	49.242	19.276	4.297	2.285	912.644	-0.715
0.491	49.218	19.300	4.314	2.293	912.644	-0.715
0.493	49.236	19.373	4.322	2.285	908.989	-0.714
0.494	49.218	19.458	4.346	2.285	908.989	-0.715
0.496	49.218	19.519	4.355	2.293	905.333	-0.715
0.498	49.224	19.562	4.371	2.293	904.115	-0.716
0.499	49.218	19.616	4.371	2.285	902.896	-0.714
0.501	49.206	19.671	4.395	2.293	901.678	-0.715
0.502	49.212	19.732	4.404	2.293	901.678	-0.714
0.504	49.206	19.787	4.428	2.285	898.022	-0.715
0.505	49.193	19.836	4.445	2.285	891.930	-0.714
0.507	49.199	19.878	4.453	2.285	895.585	-0.716
0.508	49.187	19.915	4.461	2.285	900.459	-0.714
0.510	49.187	19.964	4.469	2.285	906.552	-0.715
0.511	49.181	19.994	4.494	2.285	913.863	-0.715
0.513	49.175	20.037	4.510	2.277	917.518	-0.716
0.515	49.169	20.067	4.518	2.285	917.518	-0.716
0.516	49.175	20.097	4.527	2.293	916.300	-0.716
0.518	49.169	20.122	4.535	2.285	915.081	-0.714
0.519	49.157	20.134	4.559	2.285	913.863	-0.716
0.521	49.169	20.134	4.584	2.285	912.644	-0.716
0.522	49.157	20.140	4.584	2.285	911.426	-0.715
0.524	49.157	20.134	4.600	2.285	908.989	-0.716
0.525	49.145	20.122	4.617	2.277	910.207	-0.716
0.527	49.157	20.104	4.625	2.285	906.552	-0.716
0.529	49.139	20.085	4.649	2.277	905.333	-0.719
0.530	49.139	20.079	4.641	2.277	904.115	-0.718
0.532	49.139	20.049	4.666	2.285	901.678	-0.718
0.533	49.139	20.043	4.674	2.277	902.896	-0.718
0.535	49.139	20.024	4.682	2.277	899.241	-0.718
0.536	49.139	20.012	4.690	2.277	898.022	-0.716
0.538	49.120	20.000	4.715	2.277	900.459	-0.718
0.539	49.126	19.982	4.731	2.269	899.241	-0.716
0.541	49.114	19.982	4.748	2.277	904.115	-0.718
0.542	49.114	19.976	4.764	2.277	908.989	-0.719
0.544	49.108	19.970	4.772	2.285	915.081	-0.718
0.546	49.108	19.957	4.780	2.277	919.955	-0.718
0.547	49.096	19.951	4.797	2.277	919.955	-0.718
0.549	49.102	19.939	4.813	2.277	918.737	-0.716
0.550	49.102	19.945	4.813	2.269	916.300	-0.719
0.552	49.090	19.927	4.838	2.285	913.863	-0.718
0.553	49.090	19.933	4.854	2.285	913.863	-0.716
0.555	49.084	19.915	4.862	2.285	912.644	-0.718
0.556	4.091	19.915	4.846	2.285	902.896	-0.718
0.558	-0.170	19.897	4.797	2.285	910.207	-0.714
0.560	-0.377	19.903	4.772	2.277	911.426	-0.716
0.561	-0.390	19.872	4.739	2.277	906.552	-0.719
0.563	-0.384	19.890	4.715	2.277	901.678	-0.716
0.564	-0.384	19.872	4.690	2.277	902.896	-0.718
0.566	-0.390	19.866	4.674	2.285	901.678	-0.719
0.567	-0.384	19.860	4.633	2.277	900.459	-0.718
0.569	-0.390	19.848	4.617	2.285	898.022	-0.718
0.570	-0.377	19.823	4.592	2.285	896.804	-0.718
0.572	-0.390	19.830	4.559	2.285	899.241	-0.719
0.573	-0.377	19.817	4.543	2.269	904.115	-0.719
0.575	-0.377	19.805	4.527	2.277	908.989	-0.718
0.577	-0.377	19.799	4.502	2.277	915.081	-0.719
0.578	-0.377	19.775	4.494	2.285	918.737	-0.719
0.580	-0.377	19.781	4.461	2.277	917.518	-0.719
0.581	-0.371	19.757	4.436	2.285	915.081	-0.719
0.583	-0.371	19.775	4.412	2.277	915.081	-0.718
0.584	-0.371	19.738	4.387	2.285	913.863	-0.719
0.586	-0.365	19.744	4.371	2.277	911.426	-0.720
0.587	-0.365	19.726	4.355	2.285	911.426	-0.718
0.589	-0.365	19.720	4.330	2.277	908.989	-0.719
0.591	-0.353	19.708	4.322	2.277	906.552	-0.719
0.592	-0.359	19.702	4.305	2.269	906.552	-0.719
0.594	-0.365	19.702	4.273	2.277	904.115	-0.719
0.595	-0.353	19.683	4.264	2.277	901.678	-0.718
0.597	-0.359	19.677	4.240	2.285	901.678	-0.719
0.598	-0.365	19.653	4.223	2.285	900.459	-0.720
0.600	-0.359	19.641	4.207	2.269	898.022	-0.718
0.601	-0.353	19.623	4.183	2.285	896.804	-0.716
0.603	-0.353	19.623	4.183	2.277	899.241	-0.719
0.604	-0.353	19.604	4.158	2.285	900.459	-0.718
0.606	-0.341	19.598	4.142	2.277	907.770	-0.718
0.608	-0.347	19.574	4.109	2.285	912.644	-0.718
0.609	-0.353	19.586	4.092	2.285	919.955	-0.718
0.611	-0.335	19.562	4.084	2.277	921.174	-0.716
0.612	-0.347	19.580	4.051	2.277	918.737	-0.718
0.614	-0.347	19.556	4.043	2.269	916.300	-0.716
0.615	-0.341	19.556	4.035	2.285	916.300	-0.715
0.617	-0.347	19.537	4.010	2.285	912.644	-0.715
0.618	-0.341	19.543	3.986	2.285	912.644	-0.718
0.620	-0.347	19.531	3.970	2.277	912.644	-0.715
0.622	-0.329	19.531	3.953	2.285	910.207	-0.716
0.623	-0.335	19.531	3.937	2.285	908.989	-0.716
0.625	-0.329	19.519	3.912	2.277	907.770	-0.716
0.626	-0.335	19.513	3.904	2.277	906.552	-0.715
0.628	-0.341	19.507	3.896	2.277	904.115	-0.716
0.629	-0.323	19.501	3.863	2.277	902.896	-0.716
0.631	-0.317	19.489	3.855	2.277	900.459	-0.715
0.632	-0.329	19.495	3.838	2.285	898.022	-0.716
0.634	-0.317	19.464	3.830	2.277	895.585	-0.718
0.635	-0.323	19.489	3.806	2.293	896.804	-0.715
0.637	-0.323	19.464	3.798	2.285	901.678	-0.715
0.639	-0.323	19.476	3.773	2.285	905.333	-0.716
0.640	-0.317	19.452	3.757	2.285	911.426	-0.716
0.642	-0.317	19.458	3.732	2.277	918.737	-0.716
0.643	-0.317	19.434	3.732	2.285	919.955	-0.714
0.645	-0.317	19.440	3.716	2.277	917.518	-0.715
0.646	-0.311	19.422	3.691	2.285	915.081	-0.718
0.648	-0.311	19.428	3.675	2.277	913.863	-0.718
0.649	-0.304	19.409	3.658	2.285	912.644	-0.716
0.651	-0.311	19.416	3.642	2.285	911.426	-0.715
0.653	-0.304	19.416	3.626	2.285	907.770	-0.716
0.654	-0.304	19.416	3.617	2.285	908.989	-0.715
0.656	-0.311	19.409	3.601	2.293	905.333	-0.716
0.657	-0.304	19.416	3.593	2.285	907.770	-0.715
0.659	-0.304	19.416	3.568	2.293	902.896	-0.716
0.660	-0.298	19.397	3.560	2.285	902.896	-0.715
0.662	-0.298	19.403	3.544	2.285	901.678	-0.714
0.663	-0.298	19.397	3.527	2.293	899.241	-0.715
0.665	-0.298	19.409	3.503	2.285	898.022	-0.714
0.666	-0.292	19.397	3.494	2.293	898.022	-0.714
0.668	-0.292	19.403	3.486	2.285	898.022	-0.714
0.670	-0.292	19.397	3.462	2.293	901.678	-0.715
0.671	-0.298	19.397	3.454	2.285	910.207	-0.713
0.673	-0.286	19.385	3.421	2.285	913.863	-0.714
0.674	-0.286	19.379	3.421	2.285	918.737	-0.714
0.676	-0.286	19.373	3.404	2.285	917.518	-0.713
0.677	-0.286	19.385	3.396	2.293	918.737	-0.713
0.679	-0.286	19.355	3.388	2.285	916.300	-0.713
0.680	-0.286	19.373	3.363	2.293	915.081	-0.713
0.682	-0.280	19.355	3.347	2.293	912.644	-0.714
0.684	-0.274	19.361	3.331	2.285	910.207	-0.713
0.685	-0.280	19.355	3.314	2.302	910.207	-0.714
0.687	-0.280	19.355	3.298	2.302	908.989	-0.713
0.688	-0.274	19.349	3.298	2.293	908.989	-0.713
0.690	-0.280	19.349	3.265	2.293	905.333	-0.713
0.691	-0.274	19.343	3.241	2.302	906.552	-0.713
0.693	-0.274	19.349	3.241	2.293	902.896	-0.713
0.694	-0.268	19.349	3.224	2.285	901.678	-0.713
0.696	-0.268	19.355	3.224	2.285	899.241	-0.713
0.697	-0.268	19.361	3.200	2.293	898.022	-0.714
0.699	-0.268	19.355	3.191	2.293	894.367	-0.713
0.701	-0.262	19.355	3.175	2.293	894.367	-0.713
0.702	-0.268	19.367	3.150	2.302	906.552	-0.711
0.704	-0.262	19.361	3.142	2.302	906.552	-0.714
0.705	-0.262	19.355	3.126	2.293	913.863	-0.711
0.707	-0.250	19.367	3.109	2.293	919.955	-0.714
0.708	-0.262	19.349	3.101	2.293	919.955	-0.711
0.710	-0.256	19.367	3.077	2.302	916.300	-0.714
0.711	-0.262	19.355	3.069	2.302	916.300	-0.710
0.713	-0.256	19.361	3.060	2.293	913.863	-0.709
0.715	-0.256	19.349	3.052	2.293	911.426	-0.713
0.716	-0.250	19.367	3.036	2.293	911.426	-0.710
0.718	-0.256	19.343	3.028	2.293	908.989	-0.711
0.719	-0.250	19.361	3.011	2.302	908.989	-0.711
0.721	-0.256	19.349	2.995	2.310	905.333	-0.711
0.722	-0.250	19.355	2.962	2.293	905.333	-0.711
0.724	-0.244	19.349	2.962	2.293	901.678	-0.711
0.725	-0.250	19.373	2.954	2.302	900.459	-0.713
0.727	-0.244	19.355	2.937	2.302	898.022	-0.710
0.728	-0.250	19.367	2.913	2.285	900.459	-0.711
0.730	-0.250	19.355	2.905	2.302	900.459	-0.711
0.732	-0.244	19.379	2.888	2.302	901.678	-0.713
0.733	-0.244	19.361	2.888	2.285	900.459	-0.709
0.735	-0.237	19.361	2.864	2.293	904.115	-0.713
0.736	-0.244	19.355	2.847	2.310	912.644	-0.711
0.738	-0.237	19.373	2.847	2.302	915.081	-0.711
0.739	-0.231	19.367	2.823	2.310	921.174	-0.710
0.741	-0.244	19.379	2.815	2.285	918.737	-0.708
0.742	-0.237	19.379	2.798	2.302	917.518	-0.709
0.744	-0.225	19.373	2.774	2.293	915.081	-0.710
0.746	-0.231	19.361	2.765	2.302	915.081	-0.710
0.747	-0.225	19.361	2.757	2.302	912.644	-0.709
0.749	-0.231	19.379	2.741	2.293	910.207	-0.711
0.750	-0.225	19.355	2.741	2.277	911.426	-0.709
0.752	27.263	19.361	2.790	2.302	901.678	-0.710
0.753	48.286	19.355	2.774	2.302	896.804	-0.710
0.755	49.407	19.367	2.798	2.293	908.989	-0.708
0.756	49.473	19.373	2.823	2.302	907.770	-0.709
0.758	49.480	19.379	2.856	2.293	902.896	-0.709
0.759	49.480	19.391	2.880	2.302	901.678	-0.709
0.761	49.504	19.391	2.897	2.293	900.459	-0.710
0.763	49.486	19.385	2.929	2.302	895.585	-0.708
0.764	49.492	19.385	2.962	2.302	898.022	-0.709
0.766	49.492	19.391	2.978	2.302	899.241	-0.710
0.767	49.492	19.397	3.003	2.293	908.989	-0.709
0.769	49.486	19.403	3.028	2.310	912.644	-0.710
0.770	49.473	19.403	3.060	2.302	918.737	-0.709
0.772	49.480	19.403	3.069	2.302	916.300	-0.710
0.773	49.480	19.422	3.093	2.302	917.518	-0.711
0.775	49.473	19.409	3.118	2.293	917.518	-0.711
0.777	49.467	19.409	3.126	2.302	913.863	-0.711
0.778	49.480	19.397	3.167	2.302	911.426	-0.709
0.780	49.455	19.428	3.175	2.302	911.426	-0.708
0.781	49.467	19.409	3.200	2.318	911.426	-0.710
0.783	49.461	19.434	3.216	2.310	905.333	-0.710
0.784	49.461	19.422	3.241	2.310	907.770	-0.709
0.786	49.461	19.428	3.249	2.302	905.333	-0.709
0.787	49.449	19.416	3.282	2.318	906.552	-0.709
0.789	49.461	19.440	3.298	2.310	902.896	-0.709
0.790	49.461	19.422	3.306	2.302	902.896	-0.709
0.792	49.449	19.452	3.331	2.302	900.459	-0.709
0.794	49.449	19.440	3.347	2.318	899.241	-0.709
0.795	49.449	19.458	3.380	2.310	895.585	-0.709
0.797	49.425	19.440	3.388	2.302	898.022	-0.710
0.798	49.425	19.464	3.413	2.293	902.896	-0.709
0.800	49.437	19.446	3.429	2.302	907.770	-0.710
0.801	49.431	19.464	3.445	2.302	915.081	-0.709
0.803	49.425	19.458	3.470	2.302	918.737	-0.710
0.804	49.419	19.464	3.478	2.302	919.955	-0.711
0.806	49.419	19.452	3.503	2.302	917.518	-0.710
0.808	49.413	19.476	3.519	2.310	917.518	-0.709
0.809	49.407	19.464	3.527	2.302	912.644	-0.709
0.811	49.400	19.489	3.544	2.310	912.644	-0.708
0.812	49.400	19.476	3.568	2.318	913.863	-0.708
0.814	49.388	19.476	3.576	2.310	910.207	-0.710
0.815	49.388	19.476	3.601	2.302	910.207	-0.710
0.817	49.394	19.470	3.617	2.318	907.770	-0.709
0.818	49.388	19.489	3.634	2.302	907.770	-0.709
0.820	49.388	19.489	3.650	2.310	904.115	-0.710
0.821	49.388	19.489	3.658	2.302	902.896	-0.708
0.823	49.376	19.476	3.683	2.302	902.896	-0.711
0.825	49.370	19.495	3.707	2.302	900.459	-0.710
0.826	49.333	19.483	3.707	2.310	899.241	-0.710
0.828	49.346	19.495	3.724	2.318	895.585	-0.710
0.829	49.358	19.489	3.732	2.310	896.804	-0.708
0.831	49.352	19.489	3.765	2.302	902.896	-0.710
0.832	49.358	19.489	3.765	2.302	908.989	-0.710
0.834	49.358	19.507	3.798	2.318	913.863	-0.710
0.835	49.346	19.507	3.814	2.310	919.955	-0.713
0.837	49.352	19.525	3.830	2.302	918.737	-0.711
0.839	49.315	19.501	3.830	2.310	916.300	-0.710
0.840	49.370	19.531	3.847	2.302	915.081	-0.710
0.842	49.321	19.519	3.863	2.310	913.863	-0.710
0.843	49.333	19.531	3.879	2.310	913.863	-0.710
0.845	49.327	19.519	3.896	2.310	910.207	-0.710
0.846	49.321	19.543	3.920	2.318	910.207	-0.710
0.848	49.321	19.525	3.920	2.302	906.552	-0.709
0.849	49.315	19.556	3.945	2.302	905.333	-0.710
0.851	49.309	19.543	3.961	2.310	905.333	-0.710
0.852	49.315	19.562	3.978	2.302	904.115	-0.710
0.854	49.303	19.543	3.994	2.302	901.678	-0.711
0.856	49.303	19.556	4.002	2.310	900.459	-0.713
0.857	49.303	19.537	4.019	2.310	900.459	-0.710
0.859	49.327	19.556	4.043	2.310	898.022	-0.713
0.860	49.291	19.550	4.043	2.302	902.896	-0.711
0.862	49.285	19.562	4.068	2.302	899.241	-0.711
0.863	49.279	19.556	4.068	2.310	905.333	-0.711
0.865	49.285	19.574	4.084	2.310	908.989	-0.713
0.866	49.266	19.562	4.109	2.318	915.081	-0.711
0.868	49.273	19.568	4.117	2.310	918.737	-0.710
0.870	49.266	19.568	4.142	2.302	918.737	-0.711
0.871	49.266	19.580	4.142	2.302	918.737	-0.710
0.873	49.260	19.586	4.174	2.318	916.300	-0.711
0.874	49.260	19.586	4.191	2.318	915.081	-0.711
0.876	49.260	19.580	4.199	2.310	911.426	-0.710
0.877	49.254	19.592	4.207	2.318	911.426	-0.710
0.879	49.248	19.592	4.207	2.318	908.989	-0.711
0.880	49.248	19.592	4.232	2.302	908.989	-0.710
0.882	49.242	19.598	4.240	2.302	907.770	-0.710
0.883	49.236	19.586	4.264	2.302	904.115	-0.713
0.885	49.230	19.598	4.281	2.302	905.333	-0.710
0.887	49.236	19.598	4.289	2.302	902.896	-0.713
0.888	49.224	19.592	4.297	2.310	901.678	-0.713
0.890	49.230	19.598	4.322	2.318	898.022	-0.711
0.891	49.224	19.610	4.330	2.310	898.022	-0.713
0.893	49.224	19.610	4.346	2.302	898.022	-0.711
0.894	49.206	19.623	4.355	2.310	899.241	-0.714
0.896	49.206	19.616	4.371	2.310	904.115	-0.714
0.897	49.206	19.623	4.387	2.310	910.207	-0.713
0.899	49.206	19.616	4.395	2.302	917.518	-0.714
0.901	49.193	19.623	4.420	2.302	918.737	-0.713
0.902	49.199	19.616	4.436	2.310	918.737	-0.714
0.904	49.193	19.629	4.445	2.310	916.300	-0.715
0.905	49.181	19.616	4.445	2.302	916.300	-0.713
0.907	49.187	19.635	4.461	2.318	912.644	-0.711
0.908	49.175	19.623	4.486	2.310	912.644	-0.714
0.910	49.181	19.641	4.494	2.310	910.207	-0.713
0.911	49.181	19.623	4.510	2.310	907.770	-0.714
0.913	49.181	19.653	4.527	2.318	907.770	-0.713
0.914	49.187	19.641	4.518	2.310	905.333	-0.714
0.916	49.199	19.665	4.535	2.302	905.333	-0.711
0.918	49.157	19.647	4.551	2.302	901.678	-0.714
0.919	49.151	19.671	4.559	2.302	901.678	-0.711
0.921	49.163	19.653	4.584	2.310	899.241	-0.714
0.922	49.145	19.671	4.608	2.310	899.241	-0.713
0.924	49.157	19.659	4.617	2.310	896.804	-0.713
0.925	49.139	19.683	4.633	2.302	900.459	-0.714
0.927	49.145	19.671	4.633	2.310	902.896	-0.713
0.928	49.139	19.677	4.649	2.293	907.770	-0.711
0.930	49.126	19.671	4.658	2.318	912.644	-0.713
0.932	49.133	19.690	4.674	2.318	917.518	-0.714
0.933	49.133	19.671	4.699	2.318	921.174	-0.714
0.935	49.126	19.690	4.707	2.302	917.518	-0.713
0.936	49.120	19.677	4.723	2.318	917.518	-0.714
0.938	49.126	19.696	4.723	2.310	915.081	-0.714
0.939	49.120	19.690	4.748	2.302	915.081	-0.713
0.941	49.114	19.683	4.756	2.318	912.644	-0.713
0.942	49.114	19.683	4.764	2.318	911.426	-0.713
0.944	49.120	19.683	4.780	2.310	908.989	-0.713
0.945	49.102	19.683	4.789	2.318	907.770	-0.714
0.947	49.090	19.683	4.805	2.310	905.333	-0.714
0.949	49.096	19.690	4.821	2.310	905.333	-0.714
0.950	15.452	19.690	4.756	2.302	906.552	-0.714
0.952	0.420	19.690	4.780	2.302	904.115	-0.715
0.953	-0.341	19.683	4.748	2.318	895.585	-0.715
0.955	-0.384	19.696	4.715	2.302	898.022	-0.713
0.956	-0.384	19.702	4.690	2.318	898.022	-0.711
0.958	-0.384	19.702	4.674	2.293	895.585	-0.715
0.959	-0.384	19.696	4.633	2.310	901.678	-0.715
0.961	-0.384	19.720	4.617	2.310	907.770	-0.714
0.963	-0.384	19.714	4.592	2.318	913.863	-0.714
0.964	-0.377	19.726	4.559	2.310	917.518	-0.714
0.966	-0.377	19.720	4.543	2.293	918.737	-0.714
0.967	-0.384	19.732	4.518	2.318	917.518	-0.714
0.969	-0.377	19.732	4.502	2.302	916.300	-0.714
0.970	-0.377	19.732	4.469	2.310	915.081	-0.713
0.972	-0.371	19.714	4.445	2.318	911.426	-0.715
0.973	-0.371	19.744	4.436	2.310	911.426	-0.714
0.975	-0.371	19.738	4.404	2.310	907.770	-0.713
0.976	-0.371	19.750	4.387	2.318	908.989	-0.714
0.978	-0.371	19.732	4.379	2.318	906.552	-0.713
0.980	-0.365	19.757	4.355	2.310	905.333	-0.714
0.981	-0.365	19.738	4.322	2.310	905.333	-0.713
0.983	-0.365	19.750	4.305	2.310	901.678	-0.715
0.984	-0.353	19.738	4.289	2.293	900.459	-0.714
0.986	-0.365	19.750	4.264	2.302	899.241	-0.714
0.987	-0.347	19.744	4.248	2.302	896.804	-0.713
0.989	-0.353	19.757	4.232	2.285	900.459	-0.713
0.990	-0.359	19.744	4.223	2.310	898.022	-0.713
0.992	-0.353	19.757	4.191	2.318	902.896	-0.714
0.994	-0.359	19.744	4.183	2.302	910.207	-0.714
0.995	-0.347	19.757	4.150	2.310	915.081	-0.714
0.997	-0.353	19.757	4.133	2.302	918.737	-0.713
0.998	-0.347	19.763	4.125	2.310	918.737	-0.714
1.000	-0.353	19.757	4.109	2.302	917.518	-0.715
1.001	-0.341	19.769	4.084	2.302	913.863	-0.714
1.003	-0.341	19.763	4.068	2.302	915.081	-0.713
1.004	-0.347	19.775	4.051	2.302	912.644	-0.711
1.006	-0.335	19.775	4.035	2.302	910.207	-0.711
1.007	-0.341	19.787	4.019	2.302	910.207	-0.710
1.009	-0.335	19.781	4.002	2.293	908.989	-0.713
1.011	-0.329	19.769	3.978	2.302	908.989	-0.713
1.012	-0.317	19.781	3.961	2.302	907.770	-0.711
