Time (ms)	Ch1 V	Ch2 V	Ch1 A	Ch2 A	RPM	Torque
0.000	0.104	-1.102	-1.240	-0.082	47.521	0.105
0.002	0.110	-1.096	-1.240	-0.074	46.302	0.104
0.003	0.110	-1.102	-1.232	-0.090	46.302	0.104
0.005	0.110	-1.102	-1.248	-0.090	48.739	0.105
0.006	0.116	-1.096	-1.232	-0.082	46.302	0.104
0.008	0.110	-1.096	-1.232	-0.074	46.302	0.105
0.009	0.097	-1.090	-1.240	-0.090	46.302	0.105
0.011	0.116	-1.096	-1.248	-0.082	46.302	0.104
0.012	0.104	-1.090	-1.224	-0.082	46.302	0.105
0.014	0.110	-1.096	-1.240	-0.074	47.521	0.103
0.015	0.110	-1.102	-1.232	-0.082	46.302	0.105
0.017	0.110	-1.090	-1.232	-0.090	46.302	0.105
0.019	0.104	-1.096	-1.224	-0.090	48.739	0.105
0.020	0.104	-1.096	-1.240	-0.082	46.302	0.104
0.022	0.104	-1.096	-1.215	-0.082	46.302	0.104
0.023	0.104	-1.096	-1.240	-0.074	46.302	0.101
0.025	0.116	-1.090	-1.215	-0.082	46.302	0.105
0.026	0.097	-1.090	-1.224	-0.074	47.521	0.104
0.028	0.116	-1.090	-1.224	-0.074	46.302	0.104
0.029	0.110	-1.096	-1.224	-0.082	45.084	0.105
0.031	0.110	-1.090	-1.215	-0.082	46.302	0.104
0.033	0.104	-1.096	-1.215	-0.082	46.302	0.106
0.034	0.104	-1.090	-1.224	-0.090	46.302	0.105
0.036	0.104	-1.096	-1.224	-0.082	47.521	0.104
0.037	0.097	-1.096	-1.215	-0.074	46.302	0.105
0.039	0.110	-1.096	-1.224	-0.090	47.521	0.105
0.040	0.104	-1.102	-1.207	-0.082	45.084	0.105
0.042	0.104	-1.096	-1.207	-0.082	47.521	0.103
0.043	0.110	-1.096	-1.215	-0.082	43.865	0.104
0.045	0.110	-1.096	-1.215	-0.082	45.084	0.104
0.046	0.097	-1.096	-1.191	-0.082	46.302	0.105
0.048	0.104	-1.096	-1.207	-0.082	45.084	0.103
0.050	0.097	-1.096	-1.191	-0.082	43.865	0.104
0.051	0.104	-1.102	-1.191	-0.082	45.084	0.104
0.053	0.104	-1.096	-1.207	-0.090	45.084	0.106
0.054	0.104	-1.096	-1.199	-0.082	45.084	0.103
0.056	0.104	-1.090	-1.199	-0.090	45.084	0.105
0.057	0.104	-1.096	-1.191	-0.082	45.084	0.103
0.059	0.097	-1.096	-1.191	-0.074	46.302	0.103
0.060	0.097	-1.096	-1.191	-0.082	43.865	0.104
0.062	0.104	-1.090	-1.199	-0.082	45.084	0.105
0.064	0.110	-1.096	-1.183	-0.082	43.865	0.106
0.065	0.104	-1.084	-1.191	-0.082	46.302	0.104
0.067	0.110	-1.096	-1.183	-0.090	46.302	0.106
0.068	0.104	-1.096	-1.191	-0.082	45.084	0.105
0.070	0.097	-1.090	-1.191	-0.066	45.084	0.105
0.071	0.097	-1.096	-1.174	-0.082	42.647	0.105
0.073	0.091	-1.090	-1.183	-0.090	45.084	0.104
0.074	0.104	-1.096	-1.183	-0.082	43.865	0.105
0.076	0.104	-1.090	-1.174	-0.082	45.084	0.104
0.077	0.097	-1.090	-1.174	-0.082	43.865	0.104
0.079	0.104	-1.096	-1.166	-0.082	45.084	0.104
0.081	0.097	-1.084	-1.183	-0.082	42.647	0.104
0.082	0.110	-1.096	-1.166	-0.090	43.865	0.101
0.084	0.104	-1.096	-1.174	-0.074	45.084	0.104
0.085	0.104	-1.096	-1.166	-0.082	43.865	0.104
0.087	0.097	-1.090	-1.174	-0.082	45.084	0.106
0.088	0.104	-1.096	-1.174	-0.082	42.647	0.105
0.090	0.104	-1.096	-1.166	-0.074	43.865	0.105
0.091	0.104	-1.090	-1.174	-0.082	42.647	0.105
0.093	0.097	-1.096	-1.158	-0.082	42.647	0.104
0.095	0.097	-1.096	-1.158	-0.082	42.647	0.105
0.096	0.097	-1.096	-1.166	-0.074	43.865	0.104
0.098	0.085	-1.090	-1.158	-0.090	42.647	0.104
0.099	0.097	-1.090	-1.166	-0.090	45.084	0.104
0.101	0.104	-1.090	-1.158	-0.082	42.647	0.105
0.102	0.104	-1.096	-1.150	-0.074	42.647	0.104
0.104	0.104	-1.096	-1.150	-0.082	45.084	0.105
0.105	0.104	-1.090	-1.142	-0.082	41.428	0.104
0.107	0.104	-1.084	-1.150	-0.082	41.428	0.104
0.108	0.110	-1.096	-1.150	-0.098	43.865	0.103
0.110	0.104	-1.096	-1.150	-0.082	42.647	0.104
0.112	0.097	-1.102	-1.142	-0.082	41.428	0.104
0.113	0.110	-1.102	-1.150	-0.082	43.865	0.105
0.115	0.104	-1.090	-1.142	-0.082	43.865	0.105
0.116	0.104	-1.090	-1.133	-0.082	42.647	0.104
0.118	0.104	-1.084	-1.150	-0.082	42.647	0.103
0.119	0.104	-1.090	-1.150	-0.074	43.865	0.104
0.121	0.104	-1.096	-1.150	-0.074	43.865	0.104
0.122	0.091	-1.102	-1.142	-0.082	42.647	0.104
0.124	0.097	-1.090	-1.142	-0.082	43.865	0.103
0.126	0.104	-1.096	-1.150	-0.082	41.428	0.104
0.127	0.104	-1.090	-1.142	-0.090	41.428	0.104
0.129	0.097	-1.084	-1.133	-0.074	41.428	0.104
0.130	0.097	-1.096	-1.125	-0.074	43.865	0.104
0.132	0.097	-1.096	-1.142	-0.074	40.210	0.103
0.133	0.091	-1.090	-1.125	-0.074	42.647	0.101
0.135	0.104	-1.096	-1.142	-0.074	42.647	0.105
0.136	0.097	-1.090	-1.117	-0.082	40.210	0.104
0.138	0.097	-1.102	-1.125	-0.082	42.647	0.106
0.139	0.091	-1.096	-1.117	-0.090	41.428	0.104
0.141	0.085	-1.090	-1.133	-0.082	41.428	0.104
0.143	0.097	-1.096	-1.125	-0.074	42.647	0.104
0.144	0.091	-1.102	-1.117	-0.082	41.428	0.105
0.146	0.091	-1.096	-1.109	-0.090	42.647	0.105
0.147	0.091	-1.090	-1.109	-0.082	40.210	0.103
0.149	0.104	-1.096	-1.117	-0.090	40.210	0.105
0.150	0.097	-1.096	-1.109	-0.090	41.428	0.106
0.152	0.097	-1.096	-1.109	-0.090	41.428	0.104
0.153	0.097	-1.096	-1.109	-0.090	41.428	0.105
0.155	0.097	-1.084	-1.109	-0.074	41.428	0.105
0.157	0.104	-1.096	-1.109	-0.090	41.428	0.105
0.158	0.097	-1.090	-1.101	-0.082	41.428	0.104
0.160	0.085	-1.096	-1.109	-0.082	40.210	0.104
0.161	0.091	-1.096	-1.109	-0.074	38.991	0.104
0.163	0.085	-1.090	-1.101	-0.074	40.210	0.105
0.164	-27.964	-1.096	-1.174	-0.090	64.580	0.106
0.166	-48.633	-1.090	-1.174	-0.082	37.773	0.104
0.167	-49.614	-1.090	-1.207	-0.082	40.210	0.100
0.169	-49.656	-1.102	-1.240	-0.090	37.773	0.104
0.170	-49.656	-1.090	-1.305	-0.074	41.428	0.105
0.172	-49.650	-1.090	-1.338	-0.082	41.428	0.103
0.174	-49.644	-1.096	-1.371	-0.090	42.647	0.103
0.175	-49.638	-1.096	-1.404	-0.082	40.210	0.105
0.177	-49.638	-1.096	-1.445	-0.082	41.428	0.104
0.178	-49.626	-1.096	-1.477	-0.082	40.210	0.105
0.180	-49.632	-1.102	-1.518	-0.098	40.210	0.104
0.181	-49.601	-1.096	-1.568	-0.074	38.991	0.104
0.183	-42.898	-1.102	-1.584	-0.090	54.832	0.110
0.184	-1.936	-1.096	-1.568	-0.090	25.588	0.109
0.186	0.055	-1.096	-1.568	-0.082	45.084	0.105
0.188	0.152	-1.096	-1.559	-0.090	38.991	0.104
0.189	0.164	-1.090	-1.551	-0.082	36.555	0.104
0.191	0.152	-1.096	-1.543	-0.082	40.210	0.106
0.192	0.152	-1.090	-1.551	-0.082	41.428	0.106
0.194	0.158	-1.090	-1.535	-0.074	38.991	0.105
0.195	0.152	-1.096	-1.527	-0.082	37.773	0.106
0.197	0.146	-1.102	-1.510	-0.090	38.991	0.106
0.198	0.152	-1.096	-1.527	-0.082	38.991	0.108
0.200	0.152	-1.090	-1.518	-0.082	41.428	0.105
0.201	0.146	-1.084	-1.510	-0.082	38.991	0.106
0.203	0.146	-1.090	-1.510	-0.082	38.991	0.106
0.205	0.152	-1.090	-1.494	-0.074	37.773	0.105
0.206	0.152	-1.096	-1.494	-0.082	37.773	0.105
0.208	0.152	-1.102	-1.486	-0.082	41.428	0.108
0.209	0.158	-1.096	-1.502	-0.074	41.428	0.104
0.211	0.140	-1.096	-1.477	-0.074	46.302	0.105
0.212	0.146	-1.096	-1.477	-0.098	49.958	0.106
0.214	0.140	-1.096	-1.477	-0.082	60.924	0.109
0.215	0.146	-1.090	-1.477	-0.090	65.798	0.106
0.217	0.140	-1.102	-1.477	-0.082	71.891	0.106
0.219	0.146	-1.102	-1.486	-0.074	73.109	0.108
0.220	0.140	-1.096	-1.469	-0.082	71.891	0.108
0.222	0.146	-1.096	-1.461	-0.082	69.454	0.109
0.223	0.146	-1.102	-1.453	-0.082	68.235	0.108
0.225	0.140	-1.090	-1.453	-0.090	67.017	0.108
0.226	0.146	-1.096	-1.453	-0.082	67.017	0.109
0.228	0.140	-1.090	-1.445	-0.082	69.454	0.105
0.229	0.140	-1.096	-1.445	-0.082	67.017	0.108
0.231	0.152	-1.102	-1.461	-0.090	68.235	0.106
0.232	0.152	-1.096	-1.436	-0.082	69.454	0.108
0.234	0.152	-1.096	-1.436	-0.090	68.235	0.109
0.236	0.146	-1.096	-1.453	-0.090	68.235	0.109
0.237	0.146	-1.096	-1.436	-0.090	69.454	0.109
0.239	0.146	-1.102	-1.436	-0.074	68.235	0.108
0.240	0.134	-1.102	-1.436	-0.082	67.017	0.109
0.242	0.140	-1.096	-1.436	-0.074	70.672	0.108
0.243	0.146	-1.096	-1.428	-0.090	67.017	0.108
0.245	0.140	-1.090	-1.436	-0.082	69.454	0.110
0.246	0.140	-1.096	-1.428	-0.074	67.017	0.109
0.248	0.140	-1.096	-1.428	-0.082	67.017	0.106
0.250	0.140	-1.096	-1.420	-0.090	64.580	0.109
0.251	0.134	-1.096	-1.412	-0.082	67.017	0.109
0.253	0.146	-1.090	-1.412	-0.082	65.798	0.109
0.254	0.140	-1.096	-1.420	-0.082	65.798	0.108
0.256	0.146	-1.102	-1.420	-0.082	67.017	0.108
0.257	0.140	-1.096	-1.420	-0.082	67.017	0.108
0.259	0.146	-1.102	-1.412	-0.082	68.235	0.108
0.260	0.134	-1.096	-1.404	-0.082	68.235	0.109
0.262	0.140	-1.096	-1.412	-0.082	68.235	0.109
0.263	0.140	-1.090	-1.396	-0.082	64.580	0.108
0.265	0.134	-1.102	-1.404	-0.082	65.798	0.109
0.267	0.140	-1.102	-1.387	-0.074	64.580	0.109
0.268	0.134	-1.090	-1.396	-0.082	64.580	0.108
0.270	0.134	-1.084	-1.387	-0.090	67.017	0.108
0.271	0.134	-1.096	-1.396	-0.090	64.580	0.106
0.273	0.140	-1.090	-1.387	-0.090	68.235	0.108
0.274	0.140	-1.108	-1.387	-0.090	65.798	0.110
0.276	0.140	-1.096	-1.387	-0.082	64.580	0.108
0.277	0.140	-1.102	-1.379	-0.074	64.580	0.109
0.279	0.134	-1.102	-1.379	-0.082	67.017	0.106
0.281	0.134	-1.096	-1.379	-0.090	65.798	0.110
0.282	0.134	-1.096	-1.371	-0.090	64.580	0.109
0.284	0.140	-1.102	-1.379	-0.082	64.580	0.111
0.285	0.134	-1.102	-1.371	-0.082	65.798	0.109
0.287	0.146	-1.090	-1.379	-0.082	65.798	0.109
0.288	0.134	-1.096	-1.363	-0.082	65.798	0.108
0.290	0.140	-1.096	-1.371	-0.090	64.580	0.108
0.291	0.146	-1.090	-1.363	-0.074	64.580	0.109
0.293	0.140	-1.096	-1.363	-0.090	64.580	0.109
0.294	0.134	-1.096	-1.355	-0.082	64.580	0.110
0.296	0.140	-1.096	-1.363	-0.082	65.798	0.110
0.298	0.122	-1.096	-1.355	-0.090	63.361	0.110
0.299	0.140	-1.102	-1.363	-0.082	64.580	0.110
0.301	0.140	-1.096	-1.355	-0.082	63.361	0.109
0.302	0.140	-1.096	-1.355	-0.090	62.143	0.109
0.304	0.146	-1.096	-1.355	-0.082	64.580	0.110
0.305	0.128	-1.090	-1.355	-0.082	63.361	0.111
0.307	0.134	-1.096	-1.330	-0.082	60.924	0.108
0.308	0.134	-1.096	-1.338	-0.074	62.143	0.110
0.310	0.146	-1.090	-1.346	-0.082	63.361	0.109
0.312	0.140	-1.096	-1.346	-0.082	63.361	0.110
0.313	0.134	-1.096	-1.330	-0.090	60.924	0.109
0.315	0.140	-1.096	-1.322	-0.082	63.361	0.109
0.316	0.122	-1.102	-1.346	-0.082	63.361	0.108
0.318	0.140	-1.096	-1.330	-0.082	64.580	0.109
0.319	0.128	-1.096	-1.330	-0.090	63.361	0.108
0.321	0.140	-1.090	-1.330	-0.074	63.361	0.108
0.322	0.128	-1.090	-1.338	-0.082	63.361	0.108
0.324	0.128	-1.102	-1.330	-0.090	63.361	0.108
0.325	0.122	-1.090	-1.322	-0.082	60.924	0.108
0.327	0.128	-1.096	-1.322	-0.082	62.143	0.108
0.329	0.128	-1.090	-1.322	-0.090	62.143	0.109
0.330	0.134	-1.090	-1.314	-0.082	63.361	0.109
0.332	0.134	-1.090	-1.314	-0.082	63.361	0.109
0.333	0.140	-1.096	-1.322	-0.074	62.143	0.109
0.335	0.128	-1.102	-1.322	-0.082	63.361	0.109
0.336	0.128	-1.102	-1.322	-0.082	59.706	0.110
0.338	0.128	-1.102	-1.305	-0.090	63.361	0.106
0.339	0.122	-1.096	-1.314	-0.074	60.924	0.108
0.341	0.134	-1.090	-1.322	-0.082	60.924	0.106
0.343	0.134	-1.090	-1.314	-0.082	63.361	0.108
0.344	0.134	-1.090	-1.297	-0.082	62.143	0.108
0.346	0.140	-1.096	-1.314	-0.082	60.924	0.109
0.347	0.128	-1.096	-1.305	-0.090	60.924	0.108
0.349	0.134	-1.096	-1.297	-0.082	62.143	0.109
0.350	0.128	-1.096	-1.305	-0.082	59.706	0.108
0.352	0.122	-1.090	-1.297	-0.082	60.924	0.109
0.353	0.128	-1.090	-1.305	-0.090	59.706	0.108
0.355	0.128	-1.096	-1.305	-0.082	60.924	0.106
0.356	0.134	-1.096	-1.297	-0.082	58.487	0.108
0.358	0.134	-1.090	-1.297	-0.098	60.924	0.108
0.360	0.128	-1.090	-1.289	-0.082	60.924	0.109
0.361	0.128	-1.102	-1.289	-0.098	60.924	0.106
0.363	0.134	-1.096	-1.289	-0.082	60.924	0.106
0.364	0.128	-1.090	-1.297	-0.082	58.487	0.108
0.366	0.134	-1.102	-1.297	-0.074	59.706	0.108
0.367	0.128	-1.096	-1.289	-0.082	59.706	0.108
0.369	0.128	-1.096	-1.281	-0.090	58.487	0.108
0.370	0.128	-1.102	-1.281	-0.090	60.924	0.109
0.372	5.394	-1.090	-1.281	-0.082	64.580	0.119
0.374	0.341	-1.090	-1.256	-0.090	76.764	0.111
0.375	0.085	-1.096	-1.273	-0.082	60.924	0.104
0.377	0.104	-1.096	-1.264	-0.082	56.050	0.106
0.378	0.097	-1.102	-1.264	-0.090	54.832	0.109
0.380	0.110	-1.090	-1.264	-0.082	57.269	0.109
0.381	0.110	-1.090	-1.273	-0.074	58.487	0.109
0.383	0.110	-1.090	-1.264	-0.082	58.487	0.109
0.384	0.104	-1.096	-1.248	-0.082	58.487	0.108
0.386	0.110	-1.084	-1.256	-0.090	59.706	0.106
0.387	0.104	-1.096	-1.256	-0.082	57.269	0.108
0.389	0.104	-1.096	-1.256	-0.082	58.487	0.109
0.391	0.110	-1.090	-1.248	-0.082	57.269	0.108
0.392	0.104	-1.096	-1.256	-0.082	58.487	0.108
0.394	0.110	-1.102	-1.240	-0.082	59.706	0.109
0.395	0.110	-1.096	-1.248	-0.082	57.269	0.108
0.397	0.104	-1.096	-1.256	-0.090	58.487	0.108
0.398	0.110	-1.096	-1.240	-0.082	57.269	0.109
0.400	0.104	-1.096	-1.248	-0.074	58.487	0.108
0.401	0.110	-1.096	-1.248	-0.082	57.269	0.109
0.403	0.104	-1.102	-1.248	-0.082	56.050	0.106
0.405	0.110	-1.096	-1.240	-0.082	57.269	0.108
0.406	0.110	-1.096	-1.248	-0.082	58.487	0.106
0.408	0.104	-1.096	-1.232	-0.090	57.269	0.108
0.409	0.104	-1.102	-1.232	-0.074	56.050	0.106
0.411	0.097	-1.090	-1.232	-0.082	56.050	0.109
0.412	0.110	-1.090	-1.232	-0.082	56.050	0.108
0.414	0.104	-1.090	-1.232	-0.090	57.269	0.108
0.415	0.110	-1.096	-1.215	-0.082	57.269	0.106
0.417	0.110	-1.096	-1.232	-0.074	57.269	0.106
0.418	0.097	-1.090	-1.232	-0.074	57.269	0.108
0.420	0.104	-1.090	-1.232	-0.082	57.269	0.106
0.422	0.110	-1.096	-1.215	-0.082	57.269	0.106
0.423	0.097	-1.090	-1.224	-0.074	57.269	0.105
0.425	0.110	-1.096	-1.232	-0.090	56.050	0.106
0.426	0.116	-1.096	-1.224	-0.074	54.832	0.108
0.428	0.091	-1.096	-1.215	-0.082	56.050	0.105
0.429	0.104	-1.096	-1.215	-0.082	56.050	0.106
0.431	0.104	-1.096	-1.207	-0.090	57.269	0.105
0.432	0.104	-1.102	-1.224	-0.074	57.269	0.105
0.434	0.104	-1.090	-1.215	-0.090	56.050	0.105
0.436	0.110	-1.096	-1.207	-0.082	57.269	0.108
0.437	0.104	-1.102	-1.215	-0.090	56.050	0.106
0.439	0.104	-1.096	-1.207	-0.074	54.832	0.106
0.440	0.104	-1.102	-1.215	-0.090	54.832	0.106
0.442	0.097	-1.090	-1.207	-0.074	56.050	0.106
0.443	0.110	-1.102	-1.199	-0.082	56.050	0.106
0.445	0.104	-1.096	-1.191	-0.090	54.832	0.105
0.446	0.110	-1.090	-1.199	-0.090	56.050	0.105
0.448	0.104	-1.096	-1.207	-0.090	54.832	0.105
0.449	0.104	-1.102	-1.191	-0.082	56.050	0.105
0.451	0.104	-1.102	-1.207	-0.082	56.050	0.105
0.453	0.110	-1.096	-1.191	-0.082	56.050	0.106
0.454	0.097	-1.096	-1.191	-0.074	53.613	0.106
0.456	0.104	-1.096	-1.183	-0.090	54.832	0.106
0.457	0.104	-1.096	-1.199	-0.082	53.613	0.105
0.459	0.104	-1.102	-1.191	-0.082	54.832	0.105
0.460	0.104	-1.096	-1.191	-0.090	53.613	0.106
0.462	0.110	-1.096	-1.199	-0.082	56.050	0.105
0.463	0.104	-1.096	-1.183	-0.090	54.832	0.105
0.465	0.104	-1.096	-1.183	-0.082	54.832	0.105
0.467	0.104	-1.096	-1.174	-0.090	53.613	0.105
0.468	0.104	-1.102	-1.191	-0.090	52.395	0.105
0.470	0.104	-1.096	-1.166	-0.082	56.050	0.106
0.471	0.104	-1.108	-1.183	-0.082	53.613	0.106
0.473	0.104	-1.090	-1.183	-0.082	54.832	0.106
0.474	0.104	-1.090	-1.183	-0.090	53.613	0.106
0.476	0.104	-1.096	-1.174	-0.082	53.613	0.106
0.477	0.104	-1.084	-1.191	-0.082	53.613	0.105
0.479	0.097	-1.096	-1.166	-0.082	54.832	0.104
0.480	0.104	-1.096	-1.174	-0.082	53.613	0.105
0.482	0.110	-1.090	-1.166	-0.090	54.832	0.103
0.484	0.110	-1.102	-1.174	-0.074	53.613	0.105
0.485	0.116	-1.090	-1.174	-0.082	51.176	0.105
0.487	0.104	-1.102	-1.174	-0.090	54.832	0.106
0.488	0.104	-1.096	-1.174	-0.082	52.395	0.105
0.490	0.110	-1.096	-1.150	-0.074	53.613	0.106
0.491	0.097	-1.090	-1.166	-0.074	52.395	0.106
0.493	0.097	-1.090	-1.158	-0.082	53.613	0.105
0.494	0.091	-1.090	-1.150	-0.074	53.613	0.105
0.496	0.104	-1.090	-1.166	-0.074	53.613	0.103
0.498	0.104	-1.096	-1.166	-0.082	52.395	0.105
0.499	0.104	-1.096	-1.158	-0.082	53.613	0.105
0.501	0.104	-1.102	-1.142	-0.082	51.176	0.105
0.502	0.097	-1.108	-1.166	-0.082	51.176	0.105
0.504	0.104	-1.090	-1.150	-0.082	52.395	0.106
0.505	0.097	-1.090	-1.142	-0.074	51.176	0.105
0.507	0.104	-1.096	-1.150	-0.082	53.613	0.105
0.508	0.091	-1.096	-1.142	-0.082	51.176	0.106
0.510	0.104	-1.096	-1.142	-0.082	52.395	0.105
0.511	0.091	-1.096	-1.150	-0.082	53.613	0.105
0.513	0.091	-1.090	-1.142	-0.082	52.395	0.106
0.515	0.091	-1.096	-1.150	-0.082	53.613	0.105
0.516	0.091	-1.096	-1.133	-0.082	52.395	0.103
0.518	0.104	-1.096	-1.133	-0.090	51.176	0.108
0.519	0.097	-1.102	-1.142	-0.082	52.395	0.106
0.521	0.097	-1.102	-1.133	-0.082	52.395	0.106
0.522	0.104	-1.096	-1.142	-0.090	51.176	0.106
0.524	0.091	-1.090	-1.142	-0.082	53.613	0.105
0.525	0.104	-1.096	-1.125	-0.090	48.739	0.105
0.527	0.110	-1.096	-1.133	-0.082	49.958	0.106
0.529	0.104	-1.096	-1.125	-0.082	51.176	0.105
0.530	0.097	-1.090	-1.142	-0.082	49.958	0.105
0.532	0.097	-1.084	-1.142	-0.090	51.176	0.108
0.533	0.110	-1.090	-1.125	-0.082	51.176	0.108
0.535	0.097	-1.096	-1.133	-0.074	52.395	0.108
0.536	0.097	-1.102	-1.125	-0.082	49.958	0.105
0.538	0.104	-1.096	-1.133	-0.090	51.176	0.108
0.539	0.097	-1.096	-1.125	-0.082	49.958	0.106
0.541	0.097	-1.084	-1.117	-0.074	52.395	0.105
0.542	0.091	-1.090	-1.125	-0.082	49.958	0.104
0.544	0.104	-1.096	-1.125	-0.090	51.176	0.108
0.546	0.097	-1.090	-1.117	-0.074	49.958	0.105
0.547	0.097	-1.090	-1.109	-0.074	51.176	0.105
0.549	0.097	-1.090	-1.109	-0.090	49.958	0.106
0.550	0.097	-1.096	-1.125	-0.082	49.958	0.106
0.552	0.091	-1.090	-1.117	-0.082	51.176	0.108
0.553	0.091	-1.102	-1.117	-0.090	48.739	0.105
0.555	0.104	-1.090	-1.117	-0.082	49.958	0.106
0.556	0.097	-1.090	-1.125	-0.074	51.176	0.106
0.558	0.237	-1.096	-1.101	-0.082	51.176	0.105
0.560	-45.754	-1.096	-1.150	-0.074	26.807	0.108
0.561	-49.486	-1.102	-1.207	-0.082	49.958	0.110
0.563	-49.650	-1.090	-1.232	-0.074	54.832	0.108
0.564	-49.656	-1.090	-1.289	-0.074	48.739	0.104
0.566	-49.656	-1.090	-1.322	-0.082	51.176	0.105
0.567	-49.656	-1.096	-1.363	-0.082	49.958	0.106
0.569	-49.650	-1.096	-1.396	-0.082	51.176	0.106
0.570	-49.638	-1.096	-1.436	-0.082	49.958	0.108
0.572	-49.644	-1.102	-1.477	-0.074	47.521	0.105
0.573	-49.626	-1.090	-1.527	-0.082	48.739	0.106
0.575	-49.632	-1.096	-1.551	-0.082	49.958	0.108
0.577	-49.607	-1.090	-1.584	-0.074	48.739	0.106
0.578	-7.549	-1.102	-1.600	-0.082	42.647	0.100
0.580	-0.219	-1.090	-1.576	-0.090	41.428	0.104
0.581	0.140	-1.096	-1.576	-0.082	47.521	0.109
0.583	0.158	-1.096	-1.568	-0.082	51.176	0.105
0.584	0.152	-1.090	-1.543	-0.074	48.739	0.106
0.586	0.152	-1.090	-1.551	-0.082	48.739	0.105
0.587	0.152	-1.090	-1.543	-0.090	48.739	0.106
0.589	0.146	-1.096	-1.551	-0.090	48.739	0.106
0.591	0.152	-1.096	-1.518	-0.082	47.521	0.106
0.592	0.146	-1.096	-1.527	-0.082	47.521	0.106
0.594	0.152	-1.090	-1.510	-0.082	48.739	0.105
0.595	0.146	-1.090	-1.527	-0.090	45.084	0.108
0.597	0.158	-1.096	-1.502	-0.082	47.521	0.106
0.598	0.146	-1.102	-1.510	-0.090	46.302	0.106
0.600	0.146	-1.096	-1.510	-0.090	47.521	0.108
0.601	0.140	-1.102	-1.494	-0.082	46.302	0.106
0.603	0.152	-1.090	-1.502	-0.082	47.521	0.105
0.604	0.146	-1.096	-1.494	-0.082	48.739	0.108
0.606	0.152	-1.096	-1.494	-0.082	48.739	0.106
0.608	0.146	-1.090	-1.494	-0.082	49.958	0.110
0.609	0.152	-1.096	-1.477	-0.098	46.302	0.105
0.611	0.146	-1.096	-1.486	-0.090	48.739	0.108
0.612	0.146	-1.102	-1.477	-0.082	47.521	0.106
0.614	0.152	-1.090	-1.461	-0.090	48.739	0.106
0.615	0.152	-1.090	-1.477	-0.090	46.302	0.108
0.617	0.158	-1.096	-1.469	-0.082	48.739	0.106
0.618	0.146	-1.102	-1.461	-0.074	47.521	0.108
0.620	0.134	-1.096	-1.453	-0.098	46.302	0.106
0.622	0.146	-1.096	-1.469	-0.082	47.521	0.109
0.623	0.146	-1.096	-1.453	-0.090	46.302	0.106
0.625	0.140	-1.096	-1.453	-0.074	46.302	0.109
0.626	0.140	-1.090	-1.461	-0.082	46.302	0.106
0.628	0.146	-1.108	-1.445	-0.082	45.084	0.106
0.629	0.146	-1.096	-1.445	-0.082	46.302	0.108
0.631	0.146	-1.090	-1.436	-0.090	46.302	0.108
0.632	0.152	-1.090	-1.445	-0.082	45.084	0.109
0.634	0.134	-1.096	-1.436	-0.074	46.302	0.106
0.635	0.146	-1.096	-1.436	-0.082	46.302	0.109
0.637	0.140	-1.102	-1.436	-0.090	46.302	0.106
0.639	0.152	-1.090	-1.428	-0.082	45.084	0.108
0.640	0.152	-1.096	-1.420	-0.074	45.084	0.106
0.642	0.146	-1.096	-1.436	-0.082	47.521	0.108
0.643	0.146	-1.096	-1.420	-0.082	45.084	0.106
0.645	0.134	-1.096	-1.428	-0.074	47.521	0.108
0.646	0.140	-1.090	-1.420	-0.082	45.084	0.109
0.648	0.134	-1.096	-1.420	-0.090	47.521	0.106
0.649	0.146	-1.096	-1.428	-0.082	47.521	0.108
0.651	0.140	-1.090	-1.420	-0.082	45.084	0.104
0.653	0.134	-1.090	-1.420	-0.074	46.302	0.109
0.654	0.140	-1.090	-1.420	-0.082	43.865	0.106
0.656	0.134	-1.096	-1.420	-0.082	46.302	0.109
0.657	0.140	-1.090	-1.420	-0.090	45.084	0.105
0.659	0.134	-1.090	-1.404	-0.082	45.084	0.108
0.660	0.146	-1.102	-1.387	-0.082	43.865	0.108
0.662	0.146	-1.090	-1.387	-0.090	45.084	0.108
0.663	0.134	-1.102	-1.404	-0.082	45.084	0.108
0.665	0.134	-1.096	-1.412	-0.082	46.302	0.105
0.666	0.134	-1.096	-1.387	-0.082	45.084	0.106
0.668	0.140	-1.096	-1.404	-0.082	45.084	0.106
0.670	0.134	-1.096	-1.396	-0.082	45.084	0.106
0.671	0.146	-1.096	-1.387	-0.082	45.084	0.106
0.673	0.140	-1.090	-1.387	-0.082	45.084	0.108
0.674	0.146	-1.090	-1.387	-0.082	45.084	0.108
0.676	0.134	-1.090	-1.387	-0.090	45.084	0.108
0.677	0.140	-1.096	-1.396	-0.074	43.865	0.108
0.679	0.128	-1.090	-1.387	-0.082	45.084	0.105
0.680	0.140	-1.090	-1.379	-0.082	42.647	0.106
0.682	0.134	-1.108	-1.363	-0.074	45.084	0.106
0.684	0.134	-1.090	-1.379	-0.082	43.865	0.105
0.685	0.140	-1.090	-1.371	-0.090	43.865	0.104
0.687	0.134	-1.096	-1.363	-0.090	45.084	0.108
0.688	0.140	-1.096	-1.371	-0.090	46.302	0.106
0.690	0.134	-1.102	-1.371	-0.090	43.865	0.106
0.691	0.128	-1.096	-1.363	-0.090	43.865	0.105
0.693	0.140	-1.090	-1.363	-0.098	45.084	0.108
0.694	0.134	-1.096	-1.363	-0.082	43.865	0.106
0.696	0.122	-1.090	-1.363	-0.074	43.865	0.106
0.697	0.134	-1.090	-1.355	-0.082	42.647	0.108
0.699	0.134	-1.096	-1.363	-0.074	43.865	0.108
0.701	0.134	-1.096	-1.355	-0.082	43.865	0.108
0.702	0.134	-1.096	-1.355	-0.090	42.647	0.105
0.704	0.128	-1.102	-1.346	-0.082	42.647	0.108
0.705	0.134	-1.096	-1.346	-0.090	41.428	0.105
0.707	0.128	-1.102	-1.346	-0.090	43.865	0.106
0.708	0.128	-1.090	-1.346	-0.082	43.865	0.105
0.710	0.134	-1.090	-1.338	-0.074	45.084	0.105
0.711	0.134	-1.096	-1.346	-0.090	42.647	0.105
0.713	0.134	-1.102	-1.346	-0.082	43.865	0.106
0.715	0.134	-1.096	-1.330	-0.074	42.647	0.106
0.716	0.122	-1.090	-1.330	-0.090	42.647	0.106
0.718	0.134	-1.090	-1.330	-0.082	41.428	0.105
0.719	0.134	-1.096	-1.346	-0.074	43.865	0.105
0.721	0.146	-1.102	-1.346	-0.082	42.647	0.106
0.722	0.134	-1.096	-1.330	-0.082	40.210	0.105
0.724	0.128	-1.090	-1.322	-0.082	43.865	0.105
0.725	0.128	-1.096	-1.322	-0.082	41.428	0.106
0.727	0.134	-1.102	-1.322	-0.082	41.428	0.105
0.728	0.134	-1.096	-1.330	-0.074	42.647	0.106
0.730	0.140	-1.090	-1.322	-0.074	43.865	0.105
0.732	0.128	-1.090	-1.305	-0.082	42.647	0.105
0.733	0.134	-1.096	-1.314	-0.082	41.428	0.105
0.735	0.134	-1.102	-1.322	-0.082	42.647	0.105
0.736	0.134	-1.096	-1.322	-0.082	42.647	0.105
0.738	0.140	-1.096	-1.305	-0.082	42.647	0.105
0.739	0.134	-1.096	-1.322	-0.074	41.428	0.106
0.741	0.134	-1.090	-1.314	-0.098	43.865	0.105
0.742	0.128	-1.096	-1.322	-0.082	42.647	0.104
0.744	0.128	-1.090	-1.305	-0.090	43.865	0.103
0.746	0.128	-1.102	-1.322	-0.082	40.210	0.105
0.747	0.122	-1.090	-1.314	-0.082	41.428	0.103
0.749	0.134	-1.102	-1.289	-0.082	41.428	0.106
0.750	0.128	-1.096	-1.297	-0.082	42.647	0.105
0.752	0.128	-1.096	-1.297	-0.082	41.428	0.105
0.753	0.128	-1.090	-1.289	-0.098	41.428	0.104
0.755	0.122	-1.096	-1.297	-0.074	41.428	0.105
0.756	0.122	-1.102	-1.297	-0.090	38.991	0.105
0.758	0.134	-1.090	-1.289	-0.074	42.647	0.105
0.759	0.122	-1.096	-1.289	-0.082	41.428	0.103
0.761	0.122	-1.102	-1.297	-0.082	40.210	0.104
0.763	0.134	-1.096	-1.289	-0.066	41.428	0.105
0.764	0.128	-1.090	-1.289	-0.082	41.428	0.104
0.766	19.732	-1.102	-1.215	-0.074	4.874	0.099
0.767	0.986	-1.102	-1.273	-0.090	56.050	0.099
0.769	0.134	-1.102	-1.281	-0.090	35.336	0.109
0.770	0.085	-1.096	-1.273	-0.098	46.302	0.106
0.772	0.097	-1.096	-1.264	-0.082	53.613	0.103
0.773	0.104	-1.090	-1.256	-0.090	59.706	0.104
0.775	0.110	-1.096	-1.273	-0.082	69.454	0.106
0.777	0.110	-1.102	-1.256	-0.074	73.109	0.104
0.778	0.104	-1.096	-1.256	-0.082	74.328	0.104
0.780	0.116	-1.096	-1.256	-0.074	69.454	0.104
0.781	0.110	-1.096	-1.256	-0.082	69.454	0.104
0.783	0.116	-1.096	-1.264	-0.090	69.454	0.105
0.784	0.110	-1.096	-1.256	-0.090	68.235	0.103
0.786	0.110	-1.096	-1.256	-0.074	69.454	0.104
0.787	0.104	-1.096	-1.256	-0.082	68.235	0.104
0.789	0.116	-1.096	-1.248	-0.082	67.017	0.104
0.790	0.110	-1.102	-1.248	-0.082	67.017	0.103
0.792	0.116	-1.096	-1.256	-0.082	67.017	0.105
0.794	0.110	-1.090	-1.248	-0.074	67.017	0.101
0.795	0.104	-1.102	-1.240	-0.074	68.235	0.104
0.797	0.104	-1.102	-1.248	-0.082	65.798	0.104
0.798	0.104	-1.084	-1.240	-0.082	65.798	0.103
0.800	0.110	-1.090	-1.248	-0.074	68.235	0.103
0.801	0.104	-1.096	-1.256	-0.082	67.017	0.103
0.803	0.104	-1.090	-1.240	-0.082	65.798	0.104
0.804	0.110	-1.090	-1.240	-0.074	68.235	0.104
0.806	0.110	-1.102	-1.248	-0.082	65.798	0.105
0.808	0.110	-1.090	-1.240	-0.082	67.017	0.103
0.809	0.110	-1.102	-1.224	-0.082	64.580	0.104
0.811	0.104	-1.096	-1.240	-0.082	67.017	0.104
0.812	0.110	-1.090	-1.224	-0.090	65.798	0.103
0.814	0.097	-1.090	-1.232	-0.082	65.798	0.103
0.815	0.104	-1.090	-1.224	-0.074	67.017	0.105
0.817	0.110	-1.096	-1.215	-0.082	67.017	0.105
0.818	0.104	-1.096	-1.224	-0.082	65.798	0.104
0.820	0.110	-1.102	-1.224	-0.074	64.580	0.104
0.821	0.104	-1.096	-1.224	-0.082	67.017	0.104
0.823	0.110	-1.102	-1.224	-0.074	67.017	0.101
0.825	0.110	-1.096	-1.224	-0.082	64.580	0.104
0.826	0.104	-1.096	-1.215	-0.090	65.798	0.103
0.828	0.110	-1.102	-1.215	-0.090	67.017	0.104
0.829	0.110	-1.108	-1.215	-0.082	64.580	0.104
0.831	0.104	-1.096	-1.215	-0.082	64.580	0.101
0.832	0.097	-1.090	-1.215	-0.090	64.580	0.103
0.834	0.104	-1.096	-1.207	-0.090	67.017	0.103
0.835	0.104	-1.096	-1.215	-0.090	63.361	0.104
0.837	0.104	-1.102	-1.199	-0.074	64.580	0.103
0.839	0.104	-1.090	-1.207	-0.082	64.580	0.103
0.840	0.097	-1.096	-1.207	-0.082	64.580	0.101
0.842	0.097	-1.096	-1.207	-0.082	63.361	0.104
0.843	0.110	-1.096	-1.215	-0.082	64.580	0.101
0.845	0.110	-1.090	-1.199	-0.090	64.580	0.101
0.846	0.104	-1.096	-1.207	-0.066	63.361	0.103
0.848	0.104	-1.102	-1.191	-0.090	64.580	0.103
0.849	0.097	-1.096	-1.199	-0.082	64.580	0.101
0.851	0.104	-1.090	-1.191	-0.074	63.361	0.101
0.852	0.104	-1.090	-1.191	-0.082	63.361	0.104
0.854	0.110	-1.096	-1.199	-0.082	64.580	0.101
0.856	0.097	-1.096	-1.191	-0.090	65.798	0.105
0.857	0.097	-1.096	-1.191	-0.074	62.143	0.105
0.859	0.110	-1.090	-1.183	-0.090	63.361	0.104
0.860	0.097	-1.096	-1.183	-0.082	63.361	0.103
0.862	0.104	-1.102	-1.199	-0.090	63.361	0.104
0.863	0.097	-1.102	-1.191	-0.074	63.361	0.103
0.865	0.097	-1.096	-1.191	-0.090	63.361	0.104
0.866	0.110	-1.090	-1.174	-0.082	62.143	0.103
0.868	0.097	-1.090	-1.174	-0.098	65.798	0.104
0.870	0.097	-1.096	-1.174	-0.082	62.143	0.103
0.871	0.110	-1.090	-1.174	-0.082	60.924	0.101
0.873	0.091	-1.102	-1.174	-0.066	63.361	0.105
0.874	0.104	-1.096	-1.183	-0.074	62.143	0.101
0.876	0.104	-1.102	-1.183	-0.090	60.924	0.104
0.877	0.097	-1.096	-1.183	-0.082	63.361	0.104
0.879	0.104	-1.096	-1.166	-0.098	63.361	0.101
0.880	0.104	-1.090	-1.174	-0.082	60.924	0.103
0.882	0.104	-1.096	-1.166	-0.082	60.924	0.103
0.883	0.097	-1.102	-1.166	-0.082	60.924	0.104
0.885	0.091	-1.096	-1.166	-0.074	60.924	0.103
0.887	0.097	-1.096	-1.166	-0.090	62.143	0.105
0.888	0.110	-1.090	-1.158	-0.090	62.143	0.103
0.890	0.097	-1.096	-1.158	-0.074	60.924	0.105
0.891	0.091	-1.096	-1.166	-0.074	62.143	0.100
0.893	0.097	-1.096	-1.158	-0.082	59.706	0.103
0.894	0.097	-1.096	-1.158	-0.090	60.924	0.103
0.896	0.097	-1.090	-1.158	-0.082	62.143	0.103
0.897	0.097	-1.090	-1.150	-0.090	59.706	0.103
0.899	0.104	-1.096	-1.142	-0.074	60.924	0.104
0.901	0.097	-1.090	-1.158	-0.090	60.924	0.104
0.902	0.097	-1.096	-1.150	-0.082	60.924	0.104
0.904	0.097	-1.102	-1.150	-0.082	60.924	0.104
0.905	0.104	-1.090	-1.150	-0.082	60.924	0.103
0.907	0.097	-1.096	-1.142	-0.082	60.924	0.105
0.908	0.104	-1.096	-1.150	-0.074	60.924	0.103
0.910	0.097	-1.102	-1.142	-0.090	59.706	0.105
0.911	0.104	-1.096	-1.142	-0.090	58.487	0.105
0.913	0.104	-1.102	-1.150	-0.082	60.924	0.104
0.914	0.097	-1.102	-1.133	-0.090	60.924	0.103
0.916	0.104	-1.090	-1.142	-0.082	60.924	0.104
0.918	0.097	-1.096	-1.133	-0.090	57.269	0.104
0.919	0.097	-1.096	-1.133	-0.074	58.487	0.104
0.921	0.091	-1.096	-1.133	-0.090	59.706	0.105
0.922	0.110	-1.102	-1.125	-0.090	57.269	0.103
0.924	0.097	-1.096	-1.125	-0.082	59.706	0.103
0.925	0.097	-1.102	-1.133	-0.082	57.269	0.103
0.927	0.097	-1.096	-1.133	-0.082	58.487	0.103
0.928	0.104	-1.096	-1.117	-0.098	59.706	0.103
0.930	0.104	-1.096	-1.133	-0.082	60.924	0.105
0.932	0.104	-1.102	-1.125	-0.074	57.269	0.105
0.933	0.091	-1.096	-1.133	-0.090	58.487	0.104
0.935	0.091	-1.096	-1.117	-0.098	59.706	0.104
0.936	0.097	-1.090	-1.125	-0.082	58.487	0.104
0.938	0.104	-1.102	-1.117	-0.082	58.487	0.104
0.939	0.097	-1.096	-1.125	-0.082	59.706	0.103
0.941	0.097	-1.102	-1.133	-0.082	58.487	0.104
0.942	0.091	-1.096	-1.109	-0.082	59.706	0.105
0.944	0.097	-1.096	-1.109	-0.090	58.487	0.103
0.945	0.097	-1.096	-1.117	-0.082	57.269	0.104
0.947	0.085	-1.102	-1.117	-0.098	58.487	0.103
0.949	0.104	-1.102	-1.117	-0.074	58.487	0.105
0.950	0.091	-1.102	-1.109	-0.082	58.487	0.104
0.952	0.085	-1.096	-1.117	-0.074	58.487	0.104
0.953	-35.836	-1.090	-1.174	-0.082	75.546	0.095
0.955	-48.980	-1.096	-1.183	-0.082	53.613	0.103
0.956	-49.632	-1.096	-1.215	-0.090	53.613	0.103
0.958	-49.644	-1.096	-1.264	-0.082	57.269	0.105
0.959	-49.656	-1.096	-1.305	-0.074	60.924	0.105
0.961	-49.656	-1.090	-1.355	-0.082	58.487	0.104
0.963	-49.644	-1.096	-1.396	-0.082	57.269	0.105
0.964	-49.650	-1.096	-1.436	-0.098	57.269	0.104
0.966	-49.644	-1.096	-1.453	-0.082	57.269	0.105
0.967	-49.632	-1.096	-1.502	-0.082	56.050	0.104
0.969	-49.632	-1.102	-1.543	-0.074	57.269	0.104
0.970	-49.614	-1.096	-1.559	-0.082	56.050	0.108
0.972	-28.603	-1.090	-1.568	-0.074	84.075	0.109
0.973	-1.187	-1.096	-1.576	-0.090	49.958	0.106
0.975	0.085	-1.090	-1.584	-0.082	59.706	0.100
0.976	0.158	-1.102	-1.568	-0.082	53.613	0.104
0.978	0.158	-1.096	-1.551	-0.090	56.050	0.105
0.980	0.152	-1.096	-1.551	-0.090	58.487	0.106
0.981	0.146	-1.096	-1.543	-0.090	57.269	0.104
0.983	0.152	-1.102	-1.535	-0.090	57.269	0.106
0.984	0.158	-1.102	-1.535	-0.082	54.832	0.105
0.986	0.152	-1.102	-1.527	-0.082	58.487	0.104
0.987	0.146	-1.090	-1.527	-0.074	54.832	0.105
0.989	0.152	-1.096	-1.518	-0.090	57.269	0.106
0.990	0.146	-1.102	-1.527	-0.090	56.050	0.105
0.992	0.152	-1.096	-1.502	-0.090	56.050	0.104
0.994	0.152	-1.102	-1.486	-0.082	56.050	0.108
0.995	0.146	-1.096	-1.502	-0.082	53.613	0.105
0.997	0.146	-1.096	-1.477	-0.074	54.832	0.106
0.998	0.152	-1.102	-1.510	-0.082	54.832	0.104
1.000	0.146	-1.102	-1.502	-0.082	58.487	0.106
1.001	0.146	-1.096	-1.477	-0.082	54.832	0.106
1.003	0.152	-1.102	-1.486	-0.082	56.050	0.105
1.004	0.152	-1.102	-1.477	-0.074	54.832	0.109
1.006	0.152	-1.096	-1.486	-0.082	56.050	0.106
1.007	0.146	-1.096	-1.469	-0.074	54.832	0.106
1.009	0.140	-1.096	-1.477	-0.074	54.832	0.106
1.011	0.158	-1.096	-1.461	-0.090	53.613	0.106
1.012	0.134	-1.096	-1.477	-0.074	56.050	0.105
