Time (ms)	Ch1 V	Ch2 V	Ch1 A	Ch2 A	RPM	Torque
0.000	-0.402	28.189	4.887	3.186	1285.500	-0.921
0.002	-0.396	28.195	4.854	3.186	1283.063	-0.919
0.003	-0.402	28.171	4.846	3.194	1279.408	-0.921
0.005	-0.396	28.213	4.821	3.194	1278.189	-0.920
0.006	-0.396	28.219	4.789	3.194	1275.752	-0.921
0.008	-0.396	28.189	4.772	3.178	1280.626	-0.920
0.009	-0.396	28.195	4.739	3.194	1279.408	-0.921
0.011	-0.390	28.152	4.715	3.194	1284.282	-0.920
0.012	-0.384	28.189	4.682	3.194	1289.156	-0.919
0.014	25.784	28.225	4.731	3.194	1290.374	-0.921
0.015	47.866	28.213	4.699	3.186	1290.374	-0.920
0.017	49.035	28.195	4.715	3.178	1297.685	-0.918
0.019	49.102	28.189	4.748	3.186	1291.593	-0.919
0.020	49.108	28.164	4.756	3.178	1286.719	-0.923
0.022	49.120	28.213	4.780	3.194	1289.156	-0.919
0.023	49.126	28.256	4.797	3.203	1285.500	-0.919
0.025	49.126	28.231	4.805	3.186	1284.282	-0.920
0.026	49.126	28.195	4.821	3.178	1281.845	-0.920
0.028	49.133	28.238	4.830	3.194	1279.408	-0.920
0.029	49.120	28.231	4.846	3.194	1274.534	-0.919
0.031	49.133	28.225	4.854	3.186	1274.534	-0.920
0.033	49.133	28.201	4.879	3.186	1278.189	-0.919
0.034	49.120	28.171	4.895	3.186	1283.063	-0.921
0.036	49.126	28.195	4.903	3.194	1289.156	-0.919
0.037	49.120	28.244	4.903	3.194	1294.030	-0.921
0.039	49.126	28.268	4.920	3.186	1295.248	-0.921
0.040	49.120	28.250	4.920	3.194	1292.811	-0.920
0.042	49.114	28.231	4.944	3.194	1289.156	-0.920
0.043	49.120	28.189	4.952	3.194	1287.937	-0.923
0.045	49.120	28.219	4.961	3.178	1286.719	-0.920
0.046	49.120	28.256	4.969	3.186	1283.063	-0.921
0.048	49.120	28.238	4.985	3.186	1280.626	-0.921
0.050	49.120	28.195	5.002	3.194	1280.626	-0.920
0.051	49.108	28.238	5.018	3.194	1278.189	-0.921
0.053	49.120	28.250	5.018	3.186	1280.626	-0.921
0.054	49.120	28.231	5.043	3.186	1276.971	-0.921
0.056	49.114	28.213	5.034	3.186	1280.626	-0.921
0.057	49.114	28.244	5.051	3.178	1286.719	-0.920
0.059	49.108	28.262	5.075	3.194	1292.811	-0.920
0.060	49.108	28.244	5.075	3.194	1294.030	-0.920
0.062	49.108	28.225	5.092	3.194	1295.248	-0.920
0.064	49.108	28.262	5.100	3.186	1290.374	-0.919
0.065	49.096	28.231	5.108	3.186	1290.374	-0.923
0.067	49.102	28.231	5.116	3.194	1287.937	-0.921
0.068	49.108	28.231	5.133	3.186	1286.719	-0.921
0.070	49.102	28.262	5.141	3.186	1284.282	-0.921
0.071	49.096	28.256	5.149	3.186	1284.282	-0.920
0.073	49.102	28.219	5.149	3.178	1280.626	-0.921
0.074	49.096	28.244	5.157	3.178	1278.189	-0.920
0.076	49.084	28.286	5.182	3.186	1273.315	-0.921
0.077	49.084	28.268	5.174	3.186	1276.971	-0.920
0.079	49.084	28.238	5.190	3.194	1280.626	-0.921
0.081	49.078	28.256	5.206	3.186	1286.719	-0.921
0.082	49.078	28.274	5.215	3.186	1290.374	-0.920
0.084	20.225	28.262	5.141	3.186	1298.904	-0.921
0.085	0.597	28.231	5.165	3.186	1296.467	-0.921
0.087	-0.359	28.274	5.133	3.186	1286.719	-0.924
0.088	-0.408	28.262	5.108	3.186	1290.374	-0.921
0.090	-0.414	28.268	5.059	3.178	1287.937	-0.923
0.091	-0.414	28.250	5.026	3.186	1286.719	-0.921
0.093	-0.408	28.280	5.010	3.194	1281.845	-0.923
0.095	-0.402	28.262	4.961	3.178	1281.845	-0.921
0.096	-0.402	28.244	4.952	3.186	1279.408	-0.923
0.098	-0.402	28.250	4.920	3.194	1278.189	-0.924
0.099	-0.402	28.280	4.887	3.186	1276.971	-0.921
0.101	-0.408	28.274	4.871	3.186	1279.408	-0.921
0.102	-0.402	28.250	4.838	3.186	1284.282	-0.920
0.104	-0.402	28.268	4.813	3.186	1289.156	-0.921
0.105	-0.402	28.298	4.780	3.186	1295.248	-0.920
0.107	-0.396	28.280	4.764	3.178	1292.811	-0.923
0.108	-0.396	28.238	4.739	3.186	1294.030	-0.921
0.110	-0.396	28.274	4.715	3.170	1291.593	-0.923
0.112	-0.384	28.304	4.682	3.186	1291.593	-0.921
0.113	38.612	28.298	4.707	3.178	1298.904	-0.914
0.115	48.572	28.268	4.690	3.194	1287.937	-0.918
0.116	49.053	28.286	4.731	3.178	1283.063	-0.921
0.118	49.102	28.286	4.756	3.178	1279.408	-0.923
0.119	49.114	28.274	4.772	3.178	1279.408	-0.920
0.121	49.108	28.268	4.780	3.178	1273.315	-0.921
0.122	49.126	28.298	4.797	3.178	1275.752	-0.921
0.124	49.120	28.298	4.813	3.178	1276.971	-0.921
0.126	49.120	28.280	4.821	3.194	1285.500	-0.923
0.127	49.126	28.268	4.846	3.186	1287.937	-0.921
0.129	49.120	28.311	4.854	3.186	1294.030	-0.921
0.130	49.133	28.292	4.862	3.178	1291.593	-0.924
0.132	49.133	28.268	4.879	3.178	1291.593	-0.923
0.133	49.126	28.286	4.895	3.194	1289.156	-0.923
0.135	49.120	28.304	4.903	3.194	1286.719	-0.924
0.136	49.133	28.286	4.911	3.186	1286.719	-0.923
0.138	49.126	28.262	4.928	3.186	1283.063	-0.921
0.139	49.120	28.286	4.944	3.178	1280.626	-0.921
0.141	49.120	28.298	4.944	3.170	1278.189	-0.921
0.143	49.126	28.286	4.985	3.178	1278.189	-0.924
0.144	49.120	28.256	4.977	3.186	1281.845	-0.921
0.146	49.126	28.292	4.985	3.186	1278.189	-0.924
0.147	49.120	28.317	4.993	3.186	1283.063	-0.921
0.149	49.120	28.304	5.010	3.186	1287.937	-0.923
0.150	49.114	28.274	5.026	3.178	1294.030	-0.921
0.152	49.120	28.311	5.026	3.186	1296.467	-0.923
0.153	49.114	28.298	5.043	3.186	1295.248	-0.924
0.155	49.114	28.274	5.051	3.186	1289.156	-0.924
0.157	49.114	28.268	5.067	3.186	1290.374	-0.920
0.158	49.108	28.311	5.075	3.178	1287.937	-0.924
0.160	49.114	28.317	5.075	3.186	1286.719	-0.923
0.161	49.108	28.298	5.092	3.186	1283.063	-0.923
0.163	49.108	28.286	5.100	3.186	1283.063	-0.921
0.164	49.096	28.256	5.116	3.178	1279.408	-0.923
0.166	49.108	28.286	5.116	3.186	1279.408	-0.923
0.167	49.102	28.317	5.124	3.186	1274.534	-0.921
0.169	49.102	28.304	5.141	3.178	1275.752	-0.923
0.170	49.090	28.280	5.157	3.186	1283.063	-0.921
0.172	49.096	28.274	5.149	3.194	1287.937	-0.925
0.174	49.102	28.244	5.174	3.178	1292.811	-0.924
0.175	49.090	28.292	5.165	3.178	1294.030	-0.924
0.177	49.078	28.317	5.206	3.186	1291.593	-0.924
0.178	49.084	28.311	5.206	3.178	1290.374	-0.924
0.180	49.078	28.280	5.215	3.178	1287.937	-0.923
0.181	49.072	28.311	5.215	3.178	1286.719	-0.921
0.183	7.263	28.304	5.215	3.178	1273.315	-0.930
0.184	-0.049	28.298	5.165	3.178	1280.626	-0.925
0.186	-0.396	28.280	5.133	3.186	1280.626	-0.924
0.188	-0.408	28.317	5.092	3.186	1279.408	-0.923
0.189	-0.414	28.298	5.059	3.186	1274.534	-0.925
0.191	-0.408	28.298	5.026	3.186	1275.752	-0.923
0.192	-0.414	28.280	5.002	3.186	1280.626	-0.923
0.194	-0.408	28.317	4.969	3.178	1286.719	-0.923
0.195	-0.402	28.304	4.944	3.178	1291.593	-0.924
0.197	-0.402	28.280	4.920	3.186	1296.467	-0.923
0.198	-0.408	28.292	4.887	3.186	1295.248	-0.923
0.200	-0.408	28.335	4.854	3.178	1292.811	-0.924
0.201	-0.408	28.317	4.838	3.186	1290.374	-0.924
0.203	-0.396	28.298	4.805	3.194	1287.937	-0.924
0.205	-0.396	28.317	4.789	3.186	1287.937	-0.921
0.206	-0.390	28.323	4.756	3.178	1284.282	-0.925
0.208	-0.390	28.292	4.748	3.186	1281.845	-0.920
0.209	-0.390	28.280	4.699	3.178	1280.626	-0.923
0.211	-0.572	28.317	4.674	3.178	1278.189	-0.923
0.212	45.687	28.329	4.699	3.178	1269.660	-0.928
0.214	48.938	28.311	4.723	3.178	1272.097	-0.926
0.215	49.090	28.292	4.739	3.186	1281.845	-0.921
0.217	49.108	28.329	4.756	3.186	1286.719	-0.924
0.219	49.120	28.323	4.772	3.194	1291.593	-0.924
0.220	49.120	28.298	4.789	3.178	1292.811	-0.924
0.222	49.120	28.298	4.797	3.170	1292.811	-0.923
0.223	49.120	28.329	4.821	3.178	1291.593	-0.921
0.225	49.120	28.323	4.846	3.186	1289.156	-0.924
0.226	49.126	28.298	4.862	3.178	1287.937	-0.924
0.228	49.126	28.304	4.862	3.178	1284.282	-0.923
0.229	49.120	28.317	4.871	3.178	1283.063	-0.924
0.231	49.126	28.298	4.895	3.178	1280.626	-0.924
0.232	49.126	28.256	4.903	3.178	1279.408	-0.923
0.234	49.133	28.298	4.920	3.178	1278.189	-0.923
0.236	49.126	28.317	4.928	3.186	1275.752	-0.921
0.237	49.114	28.304	4.944	3.178	1278.189	-0.925
0.239	49.114	28.280	4.936	3.178	1285.500	-0.924
0.240	49.120	28.304	4.961	3.170	1289.156	-0.924
0.242	49.108	28.323	4.969	3.178	1295.248	-0.924
0.243	49.120	28.311	4.985	3.186	1295.248	-0.923
0.245	49.120	28.286	5.002	3.194	1292.811	-0.923
0.246	49.120	28.317	5.010	3.178	1290.374	-0.923
0.248	49.114	28.323	5.026	3.170	1290.374	-0.923
0.250	49.114	28.317	5.026	3.170	1286.719	-0.923
0.251	49.120	28.304	5.043	3.178	1283.063	-0.923
0.253	49.114	28.323	5.043	3.170	1281.845	-0.923
0.254	49.114	28.311	5.059	3.178	1280.626	-0.924
0.256	49.114	28.292	5.059	3.178	1278.189	-0.923
0.257	49.108	28.292	5.075	3.178	1270.878	-0.921
0.259	49.108	28.329	5.092	3.178	1274.534	-0.924
0.260	49.102	28.317	5.092	3.186	1279.408	-0.923
0.262	49.108	28.280	5.108	3.186	1284.282	-0.925
0.263	49.102	28.304	5.124	3.178	1287.937	-0.924
0.265	49.102	28.323	5.124	3.178	1294.030	-0.924
0.267	49.108	28.311	5.149	3.178	1295.248	-0.923
0.268	49.096	28.298	5.141	3.170	1289.156	-0.923
0.270	49.090	28.304	5.149	3.170	1289.156	-0.923
0.271	49.090	28.317	5.157	3.170	1287.937	-0.924
0.273	49.102	28.304	5.174	3.178	1285.500	-0.925
0.274	49.084	28.274	5.190	3.186	1283.063	-0.921
0.276	49.084	28.311	5.182	3.178	1279.408	-0.923
0.277	49.084	28.298	5.206	3.178	1280.626	-0.925
0.279	49.084	28.292	5.223	3.178	1276.971	-0.924
0.281	45.827	28.268	5.206	3.170	1278.189	-0.924
0.282	1.887	28.311	5.174	3.170	1283.063	-0.919
0.284	-0.286	28.317	5.133	3.170	1284.282	-0.923
0.285	-0.414	28.298	5.116	3.194	1285.500	-0.924
0.287	-0.408	28.292	5.067	3.186	1291.593	-0.924
0.288	-0.414	28.329	5.034	3.178	1295.248	-0.921
0.290	-0.414	28.311	5.010	3.178	1294.030	-0.921
0.291	-0.408	28.304	4.985	3.178	1292.811	-0.924
0.293	-0.402	28.317	4.961	3.162	1290.374	-0.924
0.294	-0.402	28.335	4.920	3.178	1289.156	-0.920
0.296	-0.396	28.304	4.903	3.178	1285.500	-0.923
0.298	-0.402	28.274	4.879	3.178	1283.063	-0.923
0.299	-0.396	28.292	4.846	3.170	1280.626	-0.925
0.301	-0.402	28.329	4.830	3.170	1279.408	-0.923
0.302	-0.396	28.317	4.797	3.178	1279.408	-0.923
0.304	-0.396	28.298	4.772	3.170	1274.534	-0.924
0.305	-0.384	28.317	4.739	3.162	1278.189	-0.924
0.307	-0.390	28.329	4.715	3.178	1281.845	-0.925
0.308	-0.384	28.317	4.690	3.178	1286.719	-0.924
0.310	29.206	28.304	4.739	3.162	1291.593	-0.923
0.312	48.049	28.329	4.707	3.170	1294.030	-0.923
0.313	49.035	28.317	4.723	3.170	1295.248	-0.921
0.315	49.108	28.292	4.739	3.170	1290.374	-0.925
0.316	49.114	28.298	4.764	3.170	1286.719	-0.924
0.318	49.126	28.323	4.780	3.170	1286.719	-0.924
0.319	49.114	28.317	4.805	3.162	1286.719	-0.924
0.321	49.114	28.304	4.821	3.178	1281.845	-0.924
0.322	49.120	28.298	4.830	3.178	1280.626	-0.921
0.324	49.120	28.323	4.830	3.178	1278.189	-0.925
0.325	49.114	28.317	4.854	3.178	1276.971	-0.921
0.327	49.126	28.292	4.871	3.178	1275.752	-0.924
0.329	49.126	28.304	4.879	3.178	1281.845	-0.925
0.330	49.120	28.341	4.887	3.186	1286.719	-0.924
0.332	49.114	28.335	4.911	3.170	1291.593	-0.923
0.333	49.126	28.304	4.911	3.178	1294.030	-0.923
0.335	49.181	28.323	4.936	3.178	1292.811	-0.923
0.336	49.145	28.298	4.936	3.170	1292.811	-0.924
0.338	49.120	28.323	4.944	3.170	1289.156	-0.924
0.339	49.126	28.311	4.961	3.162	1289.156	-0.924
0.341	49.114	28.298	4.961	3.178	1284.282	-0.924
0.343	49.126	28.280	4.977	3.178	1286.719	-0.923
0.344	49.126	28.323	4.993	3.162	1281.845	-0.924
0.346	49.114	28.323	5.002	3.170	1279.408	-0.924
0.347	49.126	28.317	5.002	3.178	1279.408	-0.924
0.349	49.114	28.311	5.018	3.178	1274.534	-0.923
0.350	49.120	28.323	5.034	3.186	1278.189	-0.924
0.352	49.114	28.311	5.051	3.178	1281.845	-0.925
0.353	49.108	28.292	5.059	3.178	1286.719	-0.925
0.355	49.108	28.292	5.059	3.170	1290.374	-0.926
0.356	49.114	28.317	5.084	3.170	1295.248	-0.924
0.358	49.108	28.329	5.092	3.178	1291.593	-0.925
0.360	49.114	28.311	5.092	3.170	1292.811	-0.923
0.361	49.108	28.311	5.108	3.170	1290.374	-0.924
0.363	49.102	28.323	5.116	3.170	1286.719	-0.924
0.364	49.096	28.317	5.124	3.162	1285.500	-0.925
0.366	49.096	28.292	5.133	3.170	1281.845	-0.926
0.367	49.102	28.304	5.157	3.186	1280.626	-0.924
0.369	49.096	28.280	5.157	3.170	1278.189	-0.925
0.370	49.096	28.311	5.165	3.170	1278.189	-0.924
0.372	49.090	28.323	5.182	3.170	1275.752	-0.925
0.374	49.096	28.304	5.190	3.162	1279.408	-0.925
0.375	49.084	28.286	5.198	3.178	1285.500	-0.926
0.377	49.084	28.317	5.215	3.170	1289.156	-0.924
0.378	49.078	28.298	5.206	3.162	1295.248	-0.924
0.380	17.181	28.317	5.141	3.170	1296.467	-0.926
0.381	0.463	28.298	5.165	3.170	1292.811	-0.926
0.383	-0.384	28.280	5.133	3.162	1287.937	-0.928
0.384	-0.408	28.280	5.100	3.170	1291.593	-0.924
0.386	-0.408	28.311	5.084	3.170	1289.156	-0.925
0.387	-0.420	28.304	5.034	3.170	1286.719	-0.925
0.389	-0.414	28.280	5.010	3.170	1280.626	-0.925
0.391	-0.408	28.304	4.977	3.178	1281.845	-0.925
0.392	-0.408	28.323	4.961	3.154	1279.408	-0.926
0.394	-0.402	28.304	4.920	3.170	1272.097	-0.925
0.395	-0.396	28.292	4.895	3.178	1274.534	-0.924
0.397	-0.396	28.304	4.854	3.186	1278.189	-0.925
0.398	-0.396	28.304	4.846	3.162	1284.282	-0.926
0.400	-0.396	28.298	4.813	3.170	1287.937	-0.926
0.401	-0.390	28.280	4.789	3.170	1294.030	-0.925
0.403	-0.390	28.311	4.764	3.154	1291.593	-0.926
0.405	-0.384	28.335	4.731	3.162	1291.593	-0.925
0.406	-0.402	28.317	4.707	3.178	1290.374	-0.928
0.408	-0.396	28.298	4.682	3.170	1287.937	-0.924
0.409	39.951	28.323	4.690	3.170	1296.467	-0.919
0.411	48.645	28.311	4.707	3.162	1285.500	-0.923
0.412	49.059	28.311	4.723	3.170	1279.408	-0.929
0.414	49.108	28.304	4.756	3.162	1278.189	-0.926
0.415	49.114	28.292	4.764	3.178	1278.189	-0.925
0.417	49.120	28.298	4.780	3.170	1284.282	-0.926
0.418	49.126	28.317	4.797	3.170	1276.971	-0.924
0.420	49.114	28.317	4.813	3.170	1280.626	-0.925
0.422	49.120	28.292	4.838	3.154	1287.937	-0.925
0.423	49.126	28.292	4.838	3.170	1290.374	-0.924
0.425	49.126	28.317	4.862	3.154	1296.467	-0.924
0.426	49.120	28.317	4.871	3.178	1294.030	-0.928
0.428	49.120	28.298	4.887	3.170	1291.593	-0.926
0.429	49.120	28.317	4.895	3.154	1287.937	-0.925
0.431	49.126	28.317	4.887	3.178	1287.937	-0.924
0.432	49.120	28.311	4.928	3.178	1286.719	-0.923
0.434	49.126	28.292	4.936	3.162	1280.626	-0.924
0.436	49.120	28.304	4.936	3.170	1281.845	-0.925
0.437	49.114	28.317	4.952	3.162	1278.189	-0.925
0.439	49.120	28.292	4.969	3.170	1278.189	-0.926
0.440	49.126	28.280	4.977	3.170	1276.971	-0.924
0.442	49.120	28.304	4.985	3.178	1275.752	-0.924
0.443	49.120	28.317	4.993	3.162	1281.845	-0.924
0.445	49.120	28.286	5.018	3.162	1286.719	-0.926
0.446	49.120	28.280	5.026	3.170	1292.811	-0.925
0.448	49.133	28.311	5.018	3.170	1294.030	-0.926
0.449	49.078	28.323	5.043	3.170	1292.811	-0.926
0.451	49.126	28.311	5.043	3.170	1290.374	-0.925
0.453	49.120	28.298	5.034	3.162	1287.937	-0.926
0.454	49.114	28.329	5.059	3.178	1286.719	-0.925
0.456	49.108	28.304	5.059	3.170	1284.282	-0.926
0.457	49.108	28.292	5.084	3.170	1281.845	-0.926
0.459	49.102	28.298	5.108	3.162	1279.408	-0.925
0.460	49.102	28.286	5.116	3.162	1276.971	-0.924
0.462	49.102	28.286	5.116	3.162	1276.971	-0.925
0.463	49.102	28.262	5.124	3.170	1276.971	-0.924
0.465	49.096	28.286	5.141	3.162	1281.845	-0.925
0.467	49.102	28.304	5.149	3.162	1285.500	-0.925
0.468	49.096	28.286	5.157	3.170	1291.593	-0.925
0.470	49.096	28.268	5.165	3.170	1297.685	-0.926
0.471	49.096	28.286	5.182	3.162	1295.248	-0.925
0.473	49.090	28.268	5.190	3.162	1292.811	-0.925
0.474	49.090	28.274	5.198	3.178	1292.811	-0.925
0.476	49.078	28.262	5.206	3.162	1289.156	-0.925
0.477	49.090	28.280	5.215	3.170	1286.719	-0.926
0.479	7.586	28.274	5.182	3.170	1273.315	-0.930
0.480	-0.024	28.262	5.165	3.162	1281.845	-0.925
0.482	-0.390	28.262	5.124	3.162	1283.063	-0.924
0.484	-0.402	28.280	5.084	3.154	1279.408	-0.926
0.485	-0.414	28.274	5.051	3.162	1274.534	-0.928
0.487	-0.414	28.250	5.034	3.162	1275.752	-0.928
0.488	-0.408	28.256	4.993	3.162	1281.845	-0.926
0.490	-0.414	28.280	4.969	3.162	1286.719	-0.928
0.491	-0.402	28.274	4.944	3.162	1292.811	-0.926
0.493	-0.402	28.256	4.911	3.170	1294.030	-0.928
0.494	-0.402	28.268	4.895	3.162	1295.248	-0.928
0.496	-0.402	28.268	4.854	3.170	1290.374	-0.928
0.498	-0.390	28.256	4.838	3.162	1290.374	-0.925
0.499	-0.390	28.231	4.789	3.162	1284.282	-0.928
0.501	-0.402	28.256	4.772	3.154	1286.719	-0.926
0.502	-0.371	28.256	4.748	3.162	1283.063	-0.926
0.504	-0.390	28.244	4.715	3.162	1279.408	-0.926
0.505	-0.390	28.225	4.690	3.162	1279.408	-0.926
0.507	-0.536	28.250	4.682	3.154	1278.189	-0.926
0.508	44.761	28.238	4.682	3.162	1276.971	-0.929
0.510	48.901	28.238	4.699	3.162	1275.752	-0.930
0.511	49.084	28.219	4.731	3.162	1284.282	-0.925
0.513	49.120	28.250	4.739	3.162	1292.811	-0.923
0.515	49.120	28.238	4.772	3.162	1294.030	-0.925
0.516	49.120	28.231	4.772	3.154	1294.030	-0.926
0.518	49.120	28.238	4.789	3.162	1292.811	-0.925
0.519	49.120	28.256	4.805	3.162	1290.374	-0.926
0.521	49.120	28.250	4.813	3.145	1290.374	-0.925
0.522	49.133	28.219	4.846	3.162	1289.156	-0.926
0.524	49.126	28.231	4.846	3.154	1284.282	-0.926
0.525	49.114	28.238	4.871	3.154	1283.063	-0.925
0.527	49.126	28.231	4.879	3.162	1280.626	-0.925
0.529	49.145	28.225	4.903	3.162	1281.845	-0.926
0.530	49.120	28.231	4.903	3.162	1270.878	-0.928
0.532	49.114	28.238	4.920	3.154	1275.752	-0.926
0.533	49.126	28.231	4.928	3.154	1278.189	-0.926
0.535	49.126	28.207	4.936	3.154	1284.282	-0.925
0.536	49.120	28.231	4.952	3.154	1287.937	-0.925
0.538	49.126	28.238	4.961	3.154	1292.811	-0.926
0.539	49.120	28.219	4.977	3.145	1295.248	-0.928
0.541	49.120	28.207	4.985	3.162	1290.374	-0.926
0.542	49.126	28.225	4.993	3.154	1289.156	-0.925
0.544	49.114	28.207	5.002	3.154	1287.937	-0.926
0.546	49.120	28.225	5.018	3.154	1285.500	-0.925
0.547	49.114	28.213	5.034	3.154	1283.063	-0.928
0.549	49.108	28.201	5.043	3.145	1281.845	-0.928
0.550	49.120	28.201	5.043	3.162	1279.408	-0.925
0.552	49.114	28.225	5.059	3.162	1276.971	-0.926
0.553	49.114	28.213	5.075	3.154	1284.282	-0.924
0.555	49.108	28.177	5.084	3.154	1278.189	-0.925
0.556	49.108	28.189	5.108	3.154	1284.282	-0.924
0.558	49.102	28.225	5.116	3.162	1286.719	-0.926
0.560	49.102	28.219	5.108	3.154	1294.030	-0.925
0.561	49.102	28.189	5.116	3.162	1295.248	-0.928
0.563	49.096	28.207	5.133	3.137	1296.467	-0.925
0.564	49.090	28.201	5.141	3.145	1290.374	-0.926
0.566	49.096	28.195	5.157	3.154	1289.156	-0.926
0.567	49.096	28.177	5.165	3.145	1287.937	-0.925
0.569	49.090	28.201	5.182	3.162	1287.937	-0.925
0.570	49.090	28.207	5.182	3.154	1284.282	-0.926
0.572	49.090	28.207	5.198	3.154	1280.626	-0.926
0.573	49.090	28.189	5.215	3.145	1281.845	-0.925
0.575	49.078	28.213	5.215	3.145	1278.189	-0.928
0.577	48.883	28.195	5.223	3.154	1273.315	-0.926
0.578	2.508	28.177	5.174	3.145	1279.408	-0.921
0.580	-0.268	28.195	5.149	3.154	1285.500	-0.923
0.581	-0.396	28.207	5.116	3.154	1285.500	-0.929
0.583	-0.414	28.195	5.084	3.145	1290.374	-0.928
0.584	-0.402	28.177	5.059	3.162	1295.248	-0.929
0.586	-0.402	28.183	5.018	3.145	1292.811	-0.928
0.587	-0.402	28.177	4.993	3.162	1291.593	-0.926
0.589	-0.396	28.177	4.952	3.154	1286.719	-0.929
0.591	-0.408	28.146	4.920	3.145	1286.719	-0.928
0.592	-0.402	28.171	4.903	3.145	1284.282	-0.926
0.594	-0.396	28.183	4.871	3.154	1284.282	-0.926
0.595	-0.402	28.177	4.854	3.137	1278.189	-0.928
0.597	-0.390	28.152	4.813	3.154	1279.408	-0.926
0.598	-0.396	28.177	4.797	3.145	1275.752	-0.926
0.600	-0.396	28.164	4.780	3.154	1276.971	-0.928
0.601	-0.390	28.152	4.739	3.154	1279.408	-0.928
0.603	-0.390	28.146	4.715	3.162	1285.500	-0.928
0.604	-0.384	28.171	4.682	3.145	1292.811	-0.926
0.606	23.550	28.177	4.739	3.145	1290.374	-0.929
0.608	47.750	28.152	4.715	3.137	1292.811	-0.928
0.609	49.029	28.146	4.715	3.137	1297.685	-0.923
0.611	49.108	28.164	4.748	3.145	1294.030	-0.924
0.612	49.108	28.152	4.764	3.137	1287.937	-0.928
0.614	49.120	28.128	4.772	3.162	1286.719	-0.925
0.615	49.126	28.146	4.805	3.145	1285.500	-0.925
0.617	49.126	28.164	4.813	3.154	1283.063	-0.926
0.618	49.126	28.164	4.830	3.145	1278.189	-0.926
0.620	49.120	28.134	4.846	3.137	1278.189	-0.926
0.622	49.126	28.140	4.871	3.154	1273.315	-0.926
0.623	49.126	28.158	4.862	3.145	1274.534	-0.926
0.625	49.120	28.134	4.879	3.129	1281.845	-0.926
0.626	49.120	28.116	4.895	3.137	1283.063	-0.926
0.628	49.126	28.134	4.903	3.154	1291.593	-0.926
0.629	49.126	28.140	4.911	3.145	1297.685	-0.926
0.631	49.126	28.128	4.936	3.154	1294.030	-0.926
0.632	49.120	28.116	4.944	3.137	1291.593	-0.926
0.634	49.114	28.134	4.961	3.145	1291.593	-0.926
0.635	49.120	28.128	4.977	3.145	1286.719	-0.928
0.637	49.120	28.128	4.985	3.145	1284.282	-0.928
0.639	49.120	28.116	4.993	3.145	1284.282	-0.925
0.640	49.114	28.134	5.002	3.145	1281.845	-0.926
0.642	49.114	28.122	5.018	3.137	1279.408	-0.926
0.643	49.120	28.122	5.018	3.137	1275.752	-0.926
0.645	49.114	28.116	5.043	3.154	1279.408	-0.925
0.646	49.114	28.116	5.043	3.137	1276.971	-0.925
0.648	49.102	28.116	5.059	3.145	1285.500	-0.926
0.649	49.108	28.110	5.067	3.145	1289.156	-0.926
0.651	49.120	28.116	5.075	3.145	1294.030	-0.928
0.653	49.108	28.091	5.092	3.154	1295.248	-0.926
0.654	49.151	28.079	5.100	3.145	1291.593	-0.928
0.656	49.133	28.067	5.092	3.145	1292.811	-0.925
0.657	49.157	28.091	5.092	3.154	1289.156	-0.928
0.659	49.120	28.110	5.100	3.137	1287.937	-0.926
0.660	49.126	28.097	5.084	3.145	1284.282	-0.925
0.662	49.126	28.073	5.075	3.145	1283.063	-0.926
0.663	49.114	28.061	5.092	3.145	1281.845	-0.926
0.665	49.120	28.067	5.100	3.145	1279.408	-0.926
0.666	49.120	28.085	5.100	3.145	1272.097	-0.925
0.668	49.126	28.097	5.100	3.145	1275.752	-0.926
0.670	49.126	28.091	5.100	3.154	1279.408	-0.926
0.671	49.126	28.079	5.100	3.154	1283.063	-0.926
0.673	49.084	28.049	5.108	3.145	1289.156	-0.928
0.674	49.102	28.073	5.116	3.145	1292.811	-0.928
0.676	18.076	28.091	5.043	3.137	1296.467	-0.926
0.677	0.511	28.104	5.059	3.137	1292.811	-0.928
0.679	-0.359	28.067	5.034	3.145	1285.500	-0.930
0.680	-0.402	28.085	4.993	3.129	1287.937	-0.926
0.682	-0.402	28.091	4.969	3.129	1286.719	-0.926
0.684	-0.408	28.073	4.928	3.137	1283.063	-0.925
0.685	-0.396	28.049	4.903	3.137	1281.845	-0.928
0.687	-0.408	28.091	4.871	3.137	1279.408	-0.928
0.688	-0.396	28.097	4.846	3.154	1276.971	-0.928
0.690	-0.377	28.091	4.821	3.145	1281.845	-0.928
0.691	-0.396	28.073	4.789	3.137	1278.189	-0.928
0.693	-0.402	28.085	4.764	3.137	1280.626	-0.926
0.694	-0.390	28.067	4.748	3.154	1286.719	-0.926
0.696	-0.390	28.043	4.715	3.145	1292.811	-0.926
0.697	-0.390	28.055	4.690	3.145	1295.248	-0.925
0.699	-0.390	28.073	4.666	3.145	1294.030	-0.928
0.701	-0.384	28.067	4.625	3.154	1292.811	-0.925
0.702	-0.390	28.049	4.608	3.154	1291.593	-0.926
0.704	-0.390	28.049	4.576	3.145	1287.937	-0.926
0.705	41.187	28.091	4.600	3.154	1298.904	-0.919
0.707	48.725	28.073	4.617	3.145	1287.937	-0.924
0.708	49.084	28.043	4.641	3.154	1280.626	-0.928
0.710	49.126	28.061	4.658	3.145	1279.408	-0.928
0.711	49.133	28.061	4.690	3.145	1279.408	-0.924
0.713	49.139	28.067	4.699	3.154	1276.971	-0.928
0.715	49.133	28.043	4.707	3.137	1276.971	-0.925
0.716	49.139	28.067	4.723	3.137	1283.063	-0.926
0.718	49.139	28.067	4.739	3.129	1286.719	-0.925
0.719	49.145	28.043	4.748	3.137	1292.811	-0.925
0.721	49.145	28.037	4.772	3.137	1295.248	-0.928
0.722	49.139	28.067	4.780	3.145	1292.811	-0.926
0.724	49.139	28.061	4.789	3.137	1290.374	-0.926
0.725	49.145	28.049	4.805	3.145	1287.937	-0.926
0.727	49.145	28.049	4.813	3.145	1285.500	-0.925
0.728	49.181	28.037	4.821	3.137	1284.282	-0.926
0.730	49.151	28.043	4.830	3.137	1279.408	-0.926
0.732	49.139	28.012	4.838	3.154	1280.626	-0.926
0.733	49.139	28.037	4.846	3.154	1279.408	-0.925
0.735	49.145	28.055	4.871	3.154	1275.752	-0.928
0.736	49.145	28.031	4.879	3.137	1276.971	-0.925
0.738	49.126	28.018	4.887	3.129	1281.845	-0.926
0.739	49.139	28.037	4.903	3.137	1286.719	-0.928
0.741	49.145	28.031	4.920	3.145	1292.811	-0.925
0.742	49.126	28.018	4.911	3.145	1296.467	-0.926
0.744	49.145	28.006	4.928	3.137	1294.030	-0.925
0.746	49.163	28.043	4.936	3.154	1294.030	-0.925
0.747	49.151	28.049	4.928	3.154	1290.374	-0.924
0.749	49.175	28.049	4.944	3.145	1287.937	-0.926
0.750	49.151	28.024	4.944	3.145	1284.282	-0.928
0.752	49.139	27.994	4.961	3.145	1284.282	-0.926
0.753	49.114	28.012	4.969	3.137	1283.063	-0.925
0.755	49.126	28.031	4.985	3.145	1279.408	-0.926
0.756	49.126	28.006	4.993	3.145	1280.626	-0.925
0.758	49.114	27.988	5.002	3.137	1274.534	-0.926
0.759	49.114	28.018	5.026	3.145	1276.971	-0.925
0.761	49.120	28.024	5.034	3.137	1281.845	-0.926
0.763	49.102	28.018	5.034	3.145	1285.500	-0.925
0.764	49.139	27.994	5.043	3.145	1291.593	-0.924
0.766	49.102	28.012	5.051	3.154	1298.904	-0.923
0.767	49.120	28.006	5.059	3.145	1295.248	-0.928
0.769	49.126	27.994	5.059	3.145	1289.156	-0.926
0.770	49.102	27.988	5.067	3.137	1289.156	-0.925
0.772	49.114	28.006	5.084	3.154	1286.719	-0.928
0.773	49.108	28.006	5.100	3.137	1285.500	-0.925
0.775	6.527	27.982	5.067	3.145	1272.097	-0.932
0.777	-0.073	27.976	5.043	3.145	1281.845	-0.926
0.778	-0.384	28.000	4.993	3.137	1280.626	-0.925
0.780	-0.396	27.988	4.969	3.154	1278.189	-0.926
0.781	-0.396	27.951	4.936	3.137	1278.189	-0.926
0.783	-0.402	27.970	4.895	3.137	1279.408	-0.928
0.784	-0.402	27.957	4.887	3.145	1284.282	-0.926
0.786	-0.408	27.951	4.838	3.129	1289.156	-0.926
0.787	-0.402	27.927	4.813	3.154	1294.030	-0.926
0.789	-0.396	27.957	4.797	3.145	1295.248	-0.926
0.790	-0.402	27.976	4.764	3.145	1294.030	-0.926
0.792	-0.390	27.945	4.731	3.145	1290.374	-0.926
0.794	-0.396	27.927	4.699	3.145	1290.374	-0.924
0.795	-0.390	27.951	4.682	3.137	1287.937	-0.926
0.797	-0.384	27.933	4.666	3.145	1284.282	-0.925
0.798	-0.390	27.903	4.641	3.154	1284.282	-0.926
0.800	-0.377	27.915	4.617	3.129	1281.845	-0.926
0.801	-0.377	27.939	4.592	3.137	1280.626	-0.924
0.803	-0.591	27.933	4.559	3.145	1269.660	-0.924
0.804	45.364	27.890	4.584	3.137	1273.315	-0.929
0.806	48.950	27.909	4.600	3.137	1273.315	-0.929
0.808	49.108	27.933	4.608	3.145	1284.282	-0.924
0.809	49.145	27.915	4.641	3.137	1290.374	-0.924
0.811	49.145	27.890	4.658	3.145	1295.248	-0.924
0.812	49.151	27.921	4.666	3.129	1294.030	-0.925
0.814	49.145	27.921	4.690	3.145	1291.593	-0.926
0.815	49.151	27.903	4.699	3.137	1291.593	-0.925
0.817	49.145	27.890	4.723	3.137	1287.937	-0.926
0.818	49.151	27.921	4.739	3.154	1285.500	-0.926
0.820	49.157	27.903	4.748	3.137	1283.063	-0.926
0.821	49.145	27.872	4.756	3.154	1283.063	-0.926
0.823	49.145	27.884	4.764	3.129	1279.408	-0.926
0.825	49.151	27.897	4.789	3.137	1279.408	-0.925
0.826	49.151	27.884	4.797	3.145	1284.282	-0.926
0.828	49.151	27.872	4.805	3.137	1279.408	-0.925
0.829	49.145	27.878	4.813	3.129	1280.626	-0.926
0.831	49.145	27.884	4.830	3.145	1286.719	-0.926
0.832	49.151	27.860	4.838	3.137	1292.811	-0.925
0.834	49.145	27.848	4.854	3.137	1295.248	-0.925
0.835	49.139	27.872	4.854	3.145	1295.248	-0.924
0.837	49.151	27.884	4.871	3.137	1290.374	-0.926
0.839	49.139	27.872	4.887	3.154	1291.593	-0.926
0.840	49.139	27.842	4.895	3.129	1287.937	-0.926
0.842	49.145	27.830	4.903	3.145	1287.937	-0.928
0.843	49.145	27.842	4.911	3.137	1284.282	-0.925
0.845	49.139	27.848	4.936	3.129	1281.845	-0.926
0.846	49.133	27.830	4.936	3.145	1279.408	-0.925
0.848	49.133	27.799	4.936	3.129	1279.408	-0.924
0.849	49.133	27.830	4.961	3.137	1275.752	-0.926
0.851	49.133	27.842	4.969	3.145	1276.971	-0.926
0.852	49.133	27.824	4.985	3.137	1283.063	-0.925
0.854	49.133	27.799	4.993	3.137	1287.937	-0.926
0.856	49.120	27.836	4.993	3.137	1292.811	-0.925
0.857	49.120	27.824	5.002	3.129	1294.030	-0.928
0.859	49.120	27.811	5.034	3.145	1294.030	-0.926
0.860	49.114	27.793	5.026	3.137	1290.374	-0.926
0.862	49.120	27.830	5.043	3.145	1287.937	-0.926
0.863	49.120	27.830	5.051	3.129	1285.500	-0.925
0.865	49.120	27.824	5.059	3.145	1285.500	-0.926
0.866	49.114	27.805	5.067	3.154	1284.282	-0.928
0.868	49.108	27.769	5.084	3.137	1279.408	-0.926
0.870	49.114	27.805	5.092	3.145	1279.408	-0.925
0.871	49.102	27.763	5.108	3.137	1276.971	-0.926
0.873	48.992	27.775	5.108	3.145	1278.189	-0.925
0.874	2.734	27.744	5.075	3.137	1283.063	-0.923
0.876	-0.256	27.799	5.026	3.145	1289.156	-0.923
0.877	-0.396	27.793	5.010	3.137	1290.374	-0.926
0.879	-0.396	27.787	4.961	3.154	1295.248	-0.925
0.880	-0.396	27.763	4.944	3.154	1295.248	-0.926
0.882	-0.396	27.726	4.903	3.137	1292.811	-0.926
0.883	-0.396	27.750	4.871	3.145	1292.811	-0.925
0.885	-0.402	27.781	4.854	3.154	1287.937	-0.926
0.887	-0.396	27.763	4.821	3.145	1287.937	-0.926
0.888	-0.396	27.726	4.797	3.154	1283.063	-0.928
0.890	-0.396	27.757	4.772	3.137	1284.282	-0.926
0.891	-0.390	27.750	4.739	3.145	1281.845	-0.926
0.893	-0.396	27.744	4.715	3.145	1279.408	-0.925
0.894	-0.402	27.714	4.690	3.154	1273.315	-0.928
0.896	-0.384	27.757	4.674	3.154	1274.534	-0.928
0.897	-0.390	27.732	4.641	3.154	1279.408	-0.925
0.899	-0.384	27.714	4.617	3.145	1285.500	-0.926
0.901	-0.384	27.708	4.576	3.145	1290.374	-0.926
0.902	16.609	27.665	4.617	3.145	1285.500	-0.934
0.904	47.470	27.659	4.600	3.137	1285.500	-0.929
0.905	49.035	27.629	4.608	3.145	1292.811	-0.924
0.907	49.120	27.574	4.633	3.145	1291.593	-0.924
0.908	49.133	27.604	4.649	3.154	1286.719	-0.928
0.910	49.139	27.677	4.658	3.137	1285.500	-0.928
0.911	49.145	27.726	4.682	3.154	1283.063	-0.926
0.913	49.145	27.720	4.699	3.154	1281.845	-0.925
0.914	49.145	27.775	4.707	3.154	1280.626	-0.926
0.916	49.139	27.811	4.739	3.145	1278.189	-0.926
0.918	49.145	27.860	4.739	3.137	1279.408	-0.925
0.919	49.145	27.890	4.756	3.154	1278.189	-0.926
0.921	49.145	27.939	4.780	3.145	1284.282	-0.925
0.922	49.139	27.976	4.789	3.145	1289.156	-0.925
0.924	49.145	28.012	4.797	3.145	1294.030	-0.925
0.925	49.139	28.043	4.805	3.145	1295.248	-0.926
0.927	49.145	28.067	4.821	3.154	1295.248	-0.924
0.928	49.139	28.097	4.830	3.145	1290.374	-0.925
0.930	49.145	28.104	4.838	3.154	1290.374	-0.925
0.932	49.139	28.128	4.854	3.145	1287.937	-0.925
0.933	49.139	28.158	4.871	3.137	1284.282	-0.926
0.935	49.145	28.171	4.871	3.154	1281.845	-0.924
0.936	49.145	28.195	4.887	3.145	1281.845	-0.924
0.938	49.145	28.219	4.895	3.145	1279.408	-0.925
0.939	49.145	28.225	4.920	3.145	1272.097	-0.925
0.941	49.126	28.238	4.928	3.137	1273.315	-0.925
0.942	49.133	28.256	4.928	3.137	1278.189	-0.925
0.944	49.133	28.274	4.944	3.145	1283.063	-0.925
0.945	49.126	28.250	4.952	3.162	1289.156	-0.925
0.947	49.139	28.231	4.961	3.137	1295.248	-0.925
0.949	49.133	28.183	4.969	3.145	1292.811	-0.926
0.950	49.133	28.134	4.977	3.137	1292.811	-0.926
0.952	49.120	28.164	5.002	3.129	1291.593	-0.925
0.953	49.120	28.171	4.993	3.145	1287.937	-0.925
0.955	49.126	28.152	5.010	3.129	1285.500	-0.925
0.956	49.120	28.116	5.026	3.137	1284.282	-0.925
0.958	49.126	28.122	5.034	3.137	1283.063	-0.926
0.959	49.126	28.146	5.043	3.145	1280.626	-0.925
0.961	49.114	28.134	5.051	3.137	1278.189	-0.926
0.963	49.108	28.091	5.075	3.137	1285.500	-0.925
0.964	49.102	28.110	5.059	3.137	1279.408	-0.925
0.966	49.108	28.128	5.084	3.145	1281.845	-0.925
0.967	49.108	28.110	5.092	3.129	1286.719	-0.925
0.969	49.096	28.079	5.100	3.145	1292.811	-0.924
0.970	49.102	28.104	5.100	3.145	1295.248	-0.925
0.972	28.804	28.110	5.059	3.145	1306.214	-0.920
0.973	0.956	28.091	5.059	3.145	1300.122	-0.921
0.975	-0.335	28.079	5.034	3.137	1285.500	-0.929
0.976	-0.390	28.091	5.002	3.137	1285.500	-0.928
0.978	-0.396	28.067	4.977	3.145	1285.500	-0.926
0.980	-0.402	28.037	4.944	3.145	1285.500	-0.925
0.981	-0.408	28.055	4.911	3.137	1281.845	-0.925
0.983	-0.402	28.055	4.871	3.154	1279.408	-0.928
0.984	-0.402	28.043	4.846	3.145	1279.408	-0.925
0.986	-0.390	28.006	4.821	3.154	1276.971	-0.926
0.987	-0.396	28.031	4.797	3.145	1276.971	-0.926
0.989	-0.402	28.043	4.772	3.137	1281.845	-0.925
0.990	-0.396	28.037	4.748	3.145	1287.937	-0.926
0.992	-0.402	28.000	4.723	3.145	1292.811	-0.926
0.994	-0.390	27.970	4.699	3.129	1296.467	-0.924
0.995	-0.384	27.982	4.674	3.145	1294.030	-0.926
0.997	-0.384	28.018	4.641	3.145	1291.593	-0.925
0.998	-0.384	27.994	4.617	3.129	1287.937	-0.926
1.000	-0.377	27.970	4.592	3.145	1286.719	-0.926
1.001	34.746	27.982	4.641	3.154	1292.811	-0.919
1.003	48.353	28.006	4.600	3.154	1285.500	-0.923
1.004	49.078	27.994	4.617	3.137	1283.063	-0.924
1.006	49.126	27.964	4.666	3.145	1275.752	-0.928
1.007	49.139	27.939	4.674	3.145	1275.752	-0.925
1.009	49.139	27.927	4.682	3.137	1275.752	-0.924
1.011	49.139	27.957	4.699	3.154	1281.845	-0.925
1.012	49.139	27.945	4.715	3.162	1286.719	-0.926
